18136
31049
18751
2676
17522
3426
44695
32078
7983
4597
38608
9071
23069
7821
9188
25782
23427
36395
3836
55
15358
19520
44761
17451
37080
38355
13949
15763
17830
9346
12669
9873
13206
14495
10620
10704
14521
10434
30032
10463
44775
6754
3557
3201
4426
24359
23057
5145
8644
3881
28962
9880
11421
28964
10034
12351
41029
16395
14995
33853
25852
13853
27655
43440
26455
5935
4852
5940
18229
9476
20616
10590
33672
13141
20557
14526
6502
8406
33296
19741
28405
39253
3780
4835
330
12505
5024
14967
6339
13538
18958
1401
12819
12960
9240
27140
7908
13904
24433
12733
19557
12551
14258
42633
8377
8490
15282
29687
15093
1554
20050
12249
19761
9978
23228
38114
27707
4116
35854
10382
23014
15364
4962
9431
11915
11750
3444
25713
15987
6701
14286
23720
30156
19602
10195
35782
6966
4079
5993
24909
11122
34851
40263
37901
7628
42420
2359
22469
2062
25284
7625
33217
14012
30525
17130
2016
5314
7816
35889
9734
10904
31891
33478
9148
33645
15020
21352
11786
25599
1813
33109
8767
39076
17340
20756
3518
23555
25791
12315
20465
23752
6855
32700
34190
33593
20173
16823
1057
8333
20220
43837
12456
34567
6448
1240
1399
7114
19137
2152
19960
18965
18417
22784
30688
22249
14537
9283
35516
22422
17755
6612
19885
30623
15746
1172
25981
23831
10984
18576
17895
33294
28713
26415
22917
22980
28926
22355
41369
3294
32029
21367
16830
11159
11899
6347
15908
1030
20856
1991
14642
34285
21974
24740
19705
13570
45020
26946
18840
7819
2263
4318
29140
15094
9953
39249
30686
30759
24001
44599
22318
4562
4093
37126
8030
21980
1646
16164
6930
21685
9864
5549
10442
3004
28213
445
10565
18911
17014
9712
25544
23121
8263
37544
36651
26167
1844
34995
4821
32556
16580
12847
21007
20848
5736
25821
14438
19857
16435
16680
9548
38322
24152
6459
4000
913
29273
28455
3902
16172
21042
2613
10034
1720
6123
19389
14960
23718
9686
7814
37
303
17399
25956
2285
10787
11963
4865
30035
20674
485
30238
31302
112
16203
5397
20361
19996
13552
8139
23413
560
8911
14326
21976
7536
3417
2625
1409
25235
35989
4030
3921
10585
21437
30938
11815
9724
1889
1844
1218
2850
26776
8038
1283
3113
4784
13276
26580
28858
28631
7375
19913
12558
2067
17458
40261
14741
3430
21042
30140
20255
13104
33301
698
6655
20021
17275
45102
1662
6549
39524
447
677
16637
14879
23194
34155
12938
13934
3114
26992
13148
5065
5163
41602
23790
31565
6111
35444
7896
38165
5269
21606
13467
4371
30844
11302
728
44353
7082
2854
21793
2055
27255
8468
5377
9488
19945
214
24225
17675
7650
13404
33795
2493
11047
13663
18873
3322
1055
16461
11353
4904
3318
17432
43271
10886
15439
28574
1192
3016
553
25854
12022
45506
21243
26923
3850
6472
13008
26742
7723
36294
14426
40193
2869
21390
5027
3583
24984
19368
16034
19050
33031
31182
7696
21001
29184
31323
3416
8488
6409
7035
5129
1612
34393
19939
12101
10880
36300
5074
207
2513
8642
14997
4281
18363
833
1894
16259
4316
11692
7785
22217
40123
106
29534
18710
18283
7638
6270
17140
13037
43727
27647
1642
1782
933
24268
94
3534
19065
899
17103
7537
36384
14194
13454
34154
9212
19768
39331
1436
33619
33307
24638
3039
12997
18774
19260
8627
11374
34881
20844
5362
4160
10588
32104
7035
2332
2876
16682
3620
508
6070
9680
8947
14338
6179
22543
28438
18844
28859
23551
3923
33739
18750
35389
20703
7147
25314
32385
16212
8516
12456
4630
19466
23126
24652
8597
18429
6922
9950
20534
668
18007
26254
11475
12508
11976
3754
19216
16742
15276
8562
34792
25877
33213
1844
31568
11231
12620
10485
24421
6972
615
15793
44492
32516
11986
11835
47144
4638
28944
12733
15182
18490
35460
4886
3715
8075
6175
3425
7924
11873
26930
27194
16668
15412
7677
15971
14915
20803
24624
4243
19722
5356
24094
24124
20350
11586
14776
5233
26830
15425
14789
25171
12231
7006
41
10027
9697
7435
9168
1662
1822
35084
14052
10229
22324
17982
23822
6616
22145
24043
1919
2607
46643
23251
5074
36912
3123
12650
23864
23985
36941
6535
6088
4176
19555
31082
22681
25139
9381
3367
4703
16922
4693
5564
13125
20189
30539
8067
31394
9495
18477
5297
5611
63
10165
2860
29208
18830
9724
10787
27503
19128
6602
670
16901
6216
28452
6460
38333
3419
6442
16778
30332
9028
32192
20373
11683
11461
28759
36912
40606
13503
21655
17420
17238
4234
20740
24899
3535
9504
22632
46296
18696
30217
19731
22014
39325
40083
9524
19233
8070
11265
14708
6529
44329
45078
32622
14865
25916
35127
8869
25260
6711
18836
35672
2727
9626
14302
4036
9361
18410
12112
10318
3898
16471
9810
31247
27447
3893
17028
14922
19758
27994
36586
30611
16306
23449
26714
18926
21701
19821
7580
5596
21118
4408
4179
15336
44147
2698
34823
30581
394
26752
17501
2718
30145
15539
8925
33040
11228
17672
22399
7448
36784
35078
35277
5670
3230
33403
686
10994
16846
2029
9168
1615
16425
6168
63
9276
8636
2131
1515
23265
38057
3065
32379
16236
11689
5226
3570
18109
43899
13168
23776
4343
19002
17349
9230
13819
35638
16252
14395
3502
24355
25267
23705
3998
20213
5983
9515
15522
21239
20855
21389
27328
23499
6336
24682
21747
7903
756
15357
14089
30708
1374
10714
29446
6953
12406
12806
25102
21001
12117
40766
19447
39983
11170
9561
2624
10324
4052
30564
733
17821
9606
20295
22447
36611
9911
11077
33497
23099
11896
8393
34813
24098
10
23789
14506
44404
12249
22857
16860
17881
8975
24520
19176
37829
4191
22954
19659
14323
15055
5170
6120
15239
17872
34792
27519
8547
6200
12500
27856
23776
16786
12327
12845
28860
30025
6041
6889
28871
5501
16341
30668
2122
36989
13559
13321
14524
5411
21388
27511
9771
18024
13163
7276
11288
6192
3271
23059
5637
36416
18271
28401
9668
14144
16201
8807
1415
29790
14799
35290
27997
6479
4902
20341
43914
20323
8871
23833
45133
11301
45048
2463
7090
32200
14972
5986
16824
947
22767
26820
10907
18237
31963
21454
27762
8402
15486
8510
1846
11253
16152
23864
17581
5609
22059
24477
7490
35335
19682
28601
19900
9483
15705
4680
4613
20788
38564
37713
28783
35870
15886
16372
31854
26560
11304
22849
19259
529
7976
6223
23588
8928
6973
16672
19330
14085
19370
2611
8257
24049
1157
3484
13247
31537
10010
44922
22804
20698
36469
44463
5754
6729
39114
3125
11409
5952
2547
10833
5204
1906
22186
3383
33294
414
36997
20383
20461
34024
6649
5104
29363
5365
22481
15593
602
20507
34939
27076
27641
5659
16959
5623
15428
8131
32740
3323
3520
22783
17274
40625
28169
5804
16517
2087
19135
28236
21432
25431
12124
9448
17778
32137
15969
38157
12562
11548
7715
5474
4880
17582
18750
14304
20608
3781
2333
5703
25231
24892
38642
29422
8847
6351
3977
28958
43031
7365
57
9719
34447
15854
4989
38798
18583
14442
18017
19274
22716
5023
5052
12466
3041
7772
15463
7043
26837
5498
3776
29804
16712
3606
11747
25724
21978
330
7571
21075
6751
22323
226
13138
33406
1103
3705
310
5463
34798
1178
22094
10780
33770
26145
3985
48610
9649
21265
26257
28892
2634
20979
30199
2293
25409
35666
6835
8345
29422
667
7207
328
6328
6937
2985
2414
927
3508
1567
2050
7747
2580
638
21312
9756
31589
7856
11148
14380
522
33286
36590
10435
2486
21975
2746
34182
17108
6970
25769
28639
8708
12182
44686
14507
14768
32353
34222
6247
10698
11421
37240
8598
16505
8553
5265
2656
7369
36413
5838
11121
15849
5306
9940
13414
5190
41673
13463
3145
17890
8322
3780
33374
860
50
49223
1480
34727
1957
6329
943
21963
10089
31892
7084
4672
22342
20524
19695
23061
19323
19225
1610
25961
30191
9567
4444
35016
21414
17567
22031
27823
589
10230
2696
26028
19011
13333
16383
13218
2409
30258
10395
29541
31258
17612
18532
32902
8039
6061
1348
385
14384
18168
3962
35062
7266
21651
20554
12037
5961
36526
19491
4252
5409
6411
2798
31827
115
16261
33026
31515
21958
27624
742
25495
14426
27912
31659
28595
20452
28327
3196
15974
17920
6536
6661
5579
15532
20132
15418
8290
14077
599
28465
5544
30562
5518
6041
10688
2883
618
16325
6988
1332
7654
30283
8804
1643
21640
17578
8440
5497
21680
31142
16116
26758
11479
25002
3746
7526
41752
2929
23001
39396
8205
11658
30129
25840
34735
2267
14090
39706
20589
9536
11917
26561
35209
7862
28832
11955
7117
27868
23644
37472
8410
5563
17842
23139
16030
46083
6608
18678
19468
4252
12314
5570
28138
40588
42014
13916
15539
21496
19374
773
24946
860
1562
35121
16461
30262
31793
14617
12418
32076
7747
33521
6021
1585
943
7156
10889
39564
9162
6409
30807
6397
33034
9346
15555
1784
9204
18321
22368
3457
22114
4893
20038
25376
23385
1117
23012
21
22085
1489
38417
34042
9883
1668
10203
29443
36835
35342
40507
26369
20651
38264
4416
13329
749
13333
42237
38900
31775
13871
19682
39515
25353
10827
8198
36193
14016
15001
14042
12223
29659
1959
19475
29709
11549
5234
9930
22772
32522
3812
24885
15863
13722
31228
26446
45573
20578
13449
3776
27071
35791
2814
1100
589
9283
5434
32322
9198
976
6656
4353
15517
5353
9216
18446
6844
9665
7930
7883
6000
27080
509
6091
16749
1718
16225
27510
7213
3395
10947
29149
138
3403
36324
38647
585
30259
41488
18617
21386
38255
16636
16968
22398
20856
1165
1893
18311
4665
21776
8078
12898
26460
4098
22472
11086
11768
37950
10409
4240
3423
27773
29261
28440
272
13000
3340
1479
7282
23983
11694
7012
1940
24384
24
33990
326
5285
4275
3419
88
16076
12517
8415
24632
30139
21638
1141
24674
6139
4105
784
3351
375
6482
3685
8439
297
1421
10698
19654
10077
3586
18163
16857
1087
11391
39178
3654
31979
601
14072
10947
5126
2721
14902
42196
7178
21271
1755
37675
19955
768
3159
39117
21596
11721
15691
13146
9837
12412
18946
25725
26079
40712
46520
21674
4367
13350
29931
3610
4512
16382
25440
3756
838
20083
40622
26918
26604
29404
20465
12517
4077
10892
27303
13921
5985
12771
14704
27047
8034
23671
40274
859
623
22308
27435
36999
30479
10630
20360
11829
4333
23097
23406
780
23759
8048
609
8608
20288
12382
17174
4518
43564
34736
8456
14211
3400
4933
44634
28734
20103
42368
14934
8857
22677
24976
9053
3921
30707
12830
13588
469
11453
12708
17719
6307
28499
7872
28874
47994
20591
1589
19867
4952
15490
7693
13738
16320
25710
43834
26653
19251
10957
23873
15942
9215
13353
10354
12721
17101
9595
7200
22772
2452
12831
20833
4972
2093
12976
36154
1602
29278
19213
18803
34153
4855
12418
28352
33940
24930
805
27351
4594
10240
14531
8937
6255
35722
26174
433
44733
22336
22442
25784
14107
24779
28640
12566
33687
7404
19897
17608
6871
22607
2578
4383
15108
16985
20829
37727
9116
27903
32797
9520
27857
21516
15776
32298
25476
7278
12723
33053
12322
16446
14668
19425
3492
2995
9626
15323
17092
22329
30056
34096
8292
19112
13289
1197
223
35806
13342
14789
13576
41169
18618
12989
1399
291
12211
23205
2776
16500
21692
3045
11559
8187
17713
21123
14295
7332
9949
39093
11002
4480
8351
5825
13939
2150
25937
37121
22445
7506
2408
21210
16071
8608
5239
13721
3578
12852
30482
685
166
21345
13263
1975
4418
20509
16395
11275
1017
29806
2949
21242
14294
5709
21858
41280
2433
13868
21364
25437
8746
25649
35174
25730
26616
646
8206
10697
18418
12444
3921
21840
27666
6792
41322
15434
4675
4515
12999
24275
20204
39111
44886
27181
30930
37565
17534
22056
16947
21589
44781
37293
15893
38472
24240
14840
3787
5354
32178
7408
21718
18474
44502
36917
17190
14751
7095
15418
27682
6669
806
29026
12640
12691
13198
6949
5937
5100
2904
12081
5222
2131
11902
9515
12785
39842
36656
5515
27144
14364
29462
19422
18657
37720
2263
31629
30152
8153
3769
2868
7778
29916
14703
3188
7763
2950
27122
6022
237
2278
6055
10924
35169
30051
14241
4642
31178
4710
19033
22901
45702
18835
38028
30613
1048
8064
36007
2095
27879
40985
9832
18719
15900
3119
26554
10329
32683
11451
19123
16412
8489
3945
8574
43941
18974
34057
22323
14104
41215
9259
13445
2553
23712
39054
20321
13043
20763
35180
15593
22162
11767
23490
39300
3536
19055
2560
5620
18904
18476
29564
9504
15456
16690
8552
25648
13083
26332
22797
16980
19466
20930
24540
15828
1437
358
22814
1816
8416
28813
31948
21750
38066
40509
10579
32640
37643
4718
26239
19123
19659
22358
38629
10106
14358
32588
8766
2857
28610
185
710
249
41712
803
31006
865
7751
3190
17287
2165
36348
29729
15644
28756
28073
5887
23213
6502
15576
71
3743
14427
21451
18880
26440
45492
16967
13202
9162
33449
970
13191
12706
19402
31580
19865
30071
24554
12681
29493
22847
15130
12500
33336
20838
10768
19645
5789
5112
358
35875
6456
27788
37559
13952
3419
4921
10179
20696
15585
8180
25794
44450
16696
16350
15262
3939
26635
13642
10250
42041
18697
17301
19754
17560
10428
28909
14508
14096
24711
28599
13376
3490
35325
4500
69
10015
27299
5728
17483
12732
47413
19648
6241
1246
25523
9748
208
30248
4150
5323
38339
5169
15967
8894
3981
1348
43852
11061
11974
8458
4751
18414
5542
20864
36734
2432
8734
13429
6598
6747
30853
7175
7166
40551
4603
12701
13366
22988
17100
8422
42481
23689
36513
2362
16299
4450
20887
13579
25165
3607
25256
2481
48090
9567
22369
20791
32676
19070
22512
16997
9014
2970
624
35532
3338
14670
58
34147
11593
6467
16056
19745
27365
13044
16890
5236
11037
11805
5654
5019
17332
33023
11579
805
5290
33241
8049
10892
26317
17316
34535
26685
1772
23617
13514
38117
15566
25055
10763
16267
14371
22770
8093
32303
43448
23451
264
13354
10155
3061
1625
41626
1437
7806
5430
15772
6750
19670
1350
11987
14942
11080
33374
16597
7380
19206
13659
19725
11960
1731
34844
3428
12785
12538
22081
8509
1610
16409
30193
34423
35628
27001
4816
4383
34210
11437
36056
4633
12703
12182
24056
11557
10323
3378
22826
23712
41282
30513
1401
5917
26266
2614
23303
3408
5774
16948
8375
1670
1570
27924
7469
7201
41919
42048
40394
17628
16681
22638
34166
35811
35750
1665
4518
5896
3179
6374
4093
8306
10046
33112
29415
14431
8490
17815
6259
15337
38195
12473
5568
36542
14782
28023
13455
4126
36043
13554
27334
11361
31388
1363
32989
2853
11632
26440
34301
8196
23377
4381
24301
7275
43220
5590
17639
687
28914
7098
10781
9478
7196
21200
16874
2622
6973
4096
34473
27336
9331
15925
11645
21134
8582
14408
29821
3499
14753
44821
618
36621
12894
17232
15315
28251
27013
3879
396
22988
19447
19635
8041
3032
21070
31210
22067
8901
23184
1688
15327
25906
12230
34590
299
764
4196
13678
9786
14998
17953
36496
13253
13646
28907
10302
14094
17078
6830
25615
4618
1333
24057
29493
15267
19211
30665
11586
18316
7975
18770
45676
72
720
13880
15350
24261
19777
3274
14464
9289
1633
10329
6219
15939
39930
3602
8428
14949
21586
22080
3357
16413
8083
30539
23388
15093
14343
32037
509
2806
4287
28848
5605
32833
9803
9182
23854
31301
16804
13233
11140
19104
134
22726
11317
5265
30513
5882
36141
10968
14568
8632
32695
687
13494
11173
39434
33829
33906
18088
28554
7198
22300
32537
8527
43570
1508
2130
26581
16869
10966
17276
23232
14131
7759
31000
10598
16619
16450
15877
4165
2987
2251
20209
1895
30178
36011
1409
4388
20411
6149
9906
1845
7387
21498
45652
25450
6261
36017
8788
19370
19727
26010
34720
9967
13230
7248
42473
11024
28557
2172
7579
11819
1124
13364
12834
2509
1750
5086
13905
2488
4267
29816
22379
7237
6357
5928
21693
18460
30019
14564
46496
10588
613
13652
12173
7952
4934
23289
14643
25039
24763
17293
28553
6094
6618
8025
14148
30414
28011
15499
428
26964
10300
12723
24889
1948
34370
17107
15370
9845
16982
35267
4161
1054
27699
12863
1372
6568
14917
10385
30710
4035
4178
4735
19557
10234
30472
2170
14702
25002
17002
5705
12017
16501
11016
12104
8249
20212
44645
7620
18096
27592
9670
30664
24913
15295
12077
42096
23173
16637
1769
33135
2226
15491
20696
6700
24607
9750
29302
2819
868
12268
5781
7864
30155
34425
17436
7270
3304
32020
26800
14703
9193
12291
31166
15889
4810
30550
27201
17492
37682
1939
14737
20427
13061
16774
18234
517
22430
34571
6188
33536
39185
11746
12925
24875
38458
37205
5527
2988
1901
15235
16779
13103
5662
607
20627
6796
7910
2237
4213
28858
7635
25045
9636
26482
27990
8
3747
12438
15546
6918
19336
11971
36667
6483
15718
7990
21614
26592
14547
9705
18256
16712
39274
17260
20469
336
330
46029
15462
23730
28523
420
17441
6253
5828
8544
39088
5322
6863
11217
15622
6042
32247
10737
5684
27142
10698
11763
23328
34872
8449
23719
26700
11283
25508
1616
11463
5209
30543
3289
15000
1193
15934
9492
3401
29433
16678
24808
7227
7174
11478
23165
2765
21495
1323
16298
2408
10353
5838
2646
31853
48908
19010
15617
27229
36294
31618
24444
22116
7222
23339
38856
7950
6875
1746
2793
43733
10179
9875
115
35159
24878
31899
3028
4328
341
247
4478
6746
40400
8647
40053
7077
2179
35912
19231
31994
3794
13542
17883
32377
41032
16939
3434
48593
29061
28229
27666
25374
29336
11017
25229
11432
4461
22040
40996
42723
12650
12133
29396
32773
26159
4526
35676
40209
45415
14006
17475
26493
5067
23805
593
35381
31859
297
3612
8992
3135
1517
14961
17440
31594
2042
17949
34253
26610
19676
36652
30270
6330
23892
13386
1309
11612
38845
9020
26823
16967
7517
4823
22186
9782
30423
3243
22287
20964
12092
31559
29575
9431
16420
35925
5535
13314
15902
13981
18649
39667
7638
285
22913
11650
42545
8407
17021
20118
22257
39454
24506
13802
41551
16214
3130
34855
6784
29116
21742
5292
1796
18130
13418
4159
21452
14051
29225
5476
16245
42322
2959
34677
3640
11945
4458
12577
4239
24850
1179
28057
31408
497
14630
8164
133
27562
3305
23219
14260
4705
352
26033
8176
11521
4573
9984
12765
24324
86
13137
5748
31816
359
15564
9180
9045
24994
8834
3021
18116
21857
23707
2356
16602
3740
18962
25182
6876
13320
12912
6414
4447
6590
9623
8482
26529
22197
14276
4872
7519
17726
20754
2459
1561
20322
11731
4455
23423
5929
19114
27685
2993
22234
1482
418
5983
35453
37355
926
722
9101
22861
5870
27738
20697
32426
17344
39522
1617
12246
1017
30033
683
6775
27677
24927
38993
10504
18486
34580
13221
21539
7892
38144
20030
43802
6630
7719
16203
38900
5301
6939
12471
33846
19888
20394
15507
9687
14446
22741
17981
13645
20917
31781
11521
13360
9852
35248
8585
31942
32313
11865
17426
23467
5308
17480
27135
13807
17731
38857
31415
3686
4815
9895
10571
3844
548
35614
10743
5131
32892
37955
6544
22107
3921
8024
31559
7667
21529
18047
16062
12686
5136
28396
21239
8572
33168
27930
53
24393
12852
33356
11949
5509
72
44938
37325
22479
30949
7968
474
23027
8838
2739
22278
17059
1525
12804
25649
2631
19036
3325
12703
1618
6041
16470
26130
27955
3493
11012
20683
11357
21680
37110
26955
44298
1166
13534
2546
5667
4799
21117
7288
17160
20007
7455
25650
8269
16255
44774
19394
21806
10373
9033
24575
15264
27651
2662
11879
33444
19356
6505
27190
12839
4529
712
19106
3466
19436
5217
21510
14667
9640
22911
4352
13017
1532
13798
9150
3478
44629
18044
23609
2023
7277
15674
7245
4822
29627
31526
21181
15143
11205
40721
17521
12556
591
16053
12612
3485
22761
24194
15579
17709
1905
22231
31535
4704
16679
8200
10430
155
26426
2170
24192
6265
42
8431
22447
834
15147
11542
14826
29034
5669
25320
25526
7959
6307
32135
18859
1511
13170
32122
28444
34404
14643
13845
7860
39497
15139
2710
9700
22709
28482
11324
22269
18332
18448
7770
9581
7748
20125
27660
2429
16409
39153
35461
29352
4859
9324
42195
7320
21993
15452
9931
6977
28064
769
7527
6363
16995
15213
15687
11612
305
43111
5100
2350
19286
13414
6424
18967
41005
24510
41817
13940
80
26023
34018
25073
18720
42634
370
8641
9094
37513
4219
868
13785
36402
30481
13773
22440
24994
8870
23462
12594
24593
2887
10209
21316
32351
13623
27697
6254
36726
26187
743
22575
26044
23309
10729
4661
40187
6417
33769
24658
18812
23220
20197
24142
21096
24293
21734
17004
29413
39477
15353
5027
44600
28119
38681
2451
5618
25280
19890
4644
13027
22478
8836
7225
8911
10793
19441
31970
30211
32504
8960
3784
43082
34067
41124
5527
18108
16181
18495
14121
21890
14327
66
299
3747
15955
11656
34895
5081
15913
17228
31811
18975
32405
15103
14063
33531
23966
21317
10730
5200
297
44192
25302
11317
13348
32148
14696
10177
27335
16234
19240
26141
17984
17923
10794
21833
11269
34026
14756
39036
26925
25124
7391
1765
29083
5771
16468
14010
7510
40655
37771
22041
18607
28181
4913
21930
34224
33165
8605
24691
19853
26822
10256
17973
21687
14986
37287
24902
11993
9469
24564
25729
677
6619
44472
3091
5554
6462
6832
11345
23257
6465
4083
16665
16540
15571
30380
20884
19430
15823
26069
23080
21021
2399
4373
12984
16727
6182
8845
31526
11174
8482
15049
32754
22636
7708
21421
23245
390
40729
40753
23893
3195
8443
13674
99
7371
3073
46515
22990
8424
38767
8046
23953
4384
43652
44543
8645
22123
14343
4029
13378
24926
4063
36269
44646
7396
5207
133
19571
12529
21369
37995
1953
14367
19611
33282
1797
9053
4760
5939
14571
25088
4669
800
1151
5113
27474
3119
9943
16326
19859
27769
23858
6067
25560
27247
26200
22632
15433
9025
12921
9781
2650
8981
28995
36615
34586
3790
1004
19436
22018
21648
1439
18425
26333
19000
38317
38812
19804
29955
6996
20592
22386
40174
5046
40090
37532
33013
7239
8951
27976
26754
28787
19649
32886
4919
3550
9441
37728
8610
10106
10289
26554
8745
22786
23499
11230
5922
1851
12143
28781
2124
3513
1127
14660
15071
14693
14914
1127
2317
3733
12384
21395
3560
6877
26811
14730
5631
11121
3408
12605
21198
8509
24958
31524
16417
36535
8537
2548
3802
29411
25299
9190
16237
18024
18662
15051
31641
11772
1663
1152
39515
18318
6143
10393
8890
18898
29088
36790
20439
744
14088
10122
17530
622
43194
45760
25664
7827
32926
8818
43105
32199
31880
11373
626
2858
36758
6777
41215
8233
10541
23685
11781
15597
8789
14511
15369
14985
7525
30036
44844
34811
5565
8359
8199
12156
281
10717
11424
16389
37510
12683
31535
20744
13756
18166
7951
1328
28978
32187
3966
338
12706
22603
1275
2846
12523
17136
25559
2046
33955
7880
16186
47715
3148
7652
32949
21687
18594
17623
19994
4164
11868
16084
21447
6282
7343
6881
12816
13749
14885
17638
9639
13382
4948
11289
21794
14305
33315
15056
10279
2495
27063
11440
30723
8914
1578
28865
3859
42811
28880
19971
14331
26348
3161
11663
1633
90
4588
27468
29281
24460
12048
591
8443
11131
11109
1957
17239
17099
9986
28161
33110
41051
36154
12990
27061
35407
8874
32593
12886
13179
18934
7834
14289
14364
24338
16598
28533
34416
22345
39737
30623
11468
37653
26230
9258
2942
49513
4595
18997
27585
18560
365
26463
8538
2835
19865
2772
21425
9660
32223
31728
15526
25254
3063
23321
2792
4246
4758
17641
11849
13888
14857
22271
9963
27251
4903
35740
19173
25013
32148
23501
11857
23192
16353
21595
21124
11036
40319
40387
42909
35421
5562
14269
19406
7305
12689
3394
2818
17678
15258
10888
10156
17236
4825
31021
2267
28159
7565
9989
7863
3994
3985
6503
6675
11841
26209
34248
16438
15720
37800
21768
4071
25494
8730
6267
7430
6289
31447
2466
1584
722
31348
22004
1936
6006
16423
14859
11120
19543
23449
6210
22266
39073
31616
3286
12181
44026
7448
41175
9834
17967
19013
17468
2587
15768
11904
24403
20959
1323
15324
34027
7963
298
14986
8291
12218
9086
418
12806
20505
4042
27999
23857
43300
8622
36195
28222
48478
16931
2290
6450
17798
12764
16698
10991
30778
32937
8561
10761
25182
10594
6606
694
5621
4479
14455
5256
19209
5575
14282
19859
785
21519
4838
15771
20551
17210
42243
7022
16545
24502
19251
13127
33616
16575
15980
37373
14401
5243
28352
785
31242
12995
25552
26423
6723
17902
4552
27512
12304
18185
5010
24397
35481
29867
11616
25660
802
18980
23426
1035
6839
9613
365
4348
14817
27903
7993
29876
2520
21766
6798
5424
19560
13874
4370
2211
8099
23927
9599
6755
14369
22351
5065
11025
19
33297
24613
16158
10436
27308
20445
7082
14863
27858
9538
33053
19540
8661
37419
9554
4097
6469
5913
7273
18963
967
5721
23249
39609
30890
9481
16412
19360
10703
19501
10915
2646
27485
1187
20779
21148
7399
13525
11209
19682
884
21480
32486
17700
17306
10206
34081
19105
13283
8169
15072
4460
7269
9618
23102
24954
17999
21913
41701
20060
17585
14942
2529
2780
23159
12630
15896
15574
10021
5763
11624
13196
31010
8633
83
7305
45522
15782
3072
12963
7745
24732
23182
13853
13079
23342
2288
10918
532
4495
1660
7188
30496
19587
4955
17479
26498
22252
5447
16405
36136
25650
15159
25945
10623
16625
13518
41587
4298
9053
2424
25491
3844
1171
41712
10802
18123
1780
27660
9600
504
28311
13822
6772
39704
6274
16919
6389
4079
16296
23165
1350
4574
15369
11747
2676
9016
7269
19804
29240
8480
9599
33788
9807
5010
13486
13408
13325
39122
17437
2002
12998
31161
16027
2134
925
5681
4099
13599
28000
13978
9573
45243
6388
13742
18215
8709
2125
38521
40620
26141
10494
23491
3110
19151
25502
20154
20597
8555
47093
10878
11753
15081
10098
45065
7048
10711
8701
34025
1897
25217
8748
12437
31099
32427
5095
3010
13860
14643
5810
17665
22084
97
2334
25367
3083
27476
35347
6030
28584
4535
5611
7653
816
10795
12047
25815
17820
5412
14675
28646
14822
2733
46317
15682
19107
6413
15871
11189
25759
19344
22405
38049
20158
10969
8952
6305
17403
17418
14106
2745
15637
26545
18722
11952
14917
6877
22905
33842
25038
18166
4658
9208
2873
13686
23838
16909
35638
33525
3019
17558
12986
14676
5910
9329
9368
15862
5566
1546
16474
17534
39936
10782
3966
27827
1440
8269
2275
34023
25650
29647
7612
21310
40018
1438
1294
15367
1123
486
30022
32692
4760
15444
22433
8421
24016
37946
41407
7874
43856
13924
2477
37069
18343
1260
43257
8206
3950
32493
1784
28993
213
16909
12749
6288
16534
15109
18351
31123
11766
14268
14889
28022
18925
14259
1580
12856
26352
3850
11079
36615
21479
10043
19995
4118
14665
38129
15730
3024
15213
41767
11511
418
1528
30033
22619
30510
23679
7056
32710
5832
9682
6425
21448
20910
13157
20517
1698
14517
29432
2754
4261
840
21473
11150
1392
35290
6006
12728
21435
29348
23168
510
1136
17339
33354
4843
30696
844
10388
9851
12817
3040
24883
26055
6560
17063
18106
25465
608
29060
8845
31171
7998
20971
20945
9279
380
3221
24333
987
24265
20240
16883
37601
11709
8274
19448
8318
21901
26027
13086
31545
10606
25575
17003
3883
13545
36299
33332
6872
28531
12476
16375
22880
7323
38476
17606
16051
1396
48328
3445
18629
14798
56
10746
11604
13271
9131
13161
14074
17136
12028
43600
10511
8590
21610
22814
13823
16258
32088
8477
11039
30047
11391
24349
15248
24492
1173
24604
9292
30625
42790
13091
718
5019
20560
35999
12371
38857
32997
1873
34278
7583
4238
26255
15159
12294
11246
25654
25377
15418
23755
7833
29247
10262
3485
320
5210
3172
8791
10903
3319
26467
11621
18671
22371
18251
20145
27914
26328
6046
3338
2961
15793
4537
26403
28652
23343
17704
7730
3986
16330
14994
1350
28324
43670
5584
744
36540
16860
36858
9750
26482
10418
4705
18726
2944
38461
41917
6913
21723
14278
15818
1363
26198
2056
46256
9139
37220
13100
20241
12568
348
17842
12844
14483
7995
28907
13237
25025
27284
519
3760
31966
17888
12047
10234
3388
1678
1520
19166
30116
26023
23615
7747
13527
15691
33686
8505
2304
5059
12868
45465
6949
2293
6144
22505
8004
27204
7707
9061
12198
34947
3162
33800
30772
3631
30254
25412
2015
8741
23348
36248
19441
7741
6728
26659
10629
2643
7028
29951
2963
10712
9087
37664
42263
25750
28564
21853
20185
5251
3598
26028
544
18145
37106
4992
30429
25009
9889
43447
14554
6430
3431
24889
1239
21462
7917
8229
30640
24977
21144
2301
10908
13509
22887
5271
31555
3810
9539
15609
4533
14355
42468
11373
1807
15133
3681
11224
5890
14582
8917
14004
7850
45353
35481
37414
20677
1191
32053
35759
16047
22852
37030
15021
23618
33868
10212
32695
3986
21922
27060
8368
1256
23646
29076
15392
31710
27882
13545
6614
22915
30976
32513
2835
4575
8257
2487
9731
23480
9097
29121
16139
22415
2547
22087
33169
6453
1541
31934
38894
26540
32800
17788
14643
36128
8827
3216
16061
6293
18551
2197
27764
32830
9008
16314
14970
17025
8684
8746
24612
21637
1665
21976
4735
135
33269
10632
2685
11662
18416
1362
265
12196
30605
804
36622
28426
24776
41703
10290
19289
38515
21308
10262
2881
20250
37446
36188
1321
9848
4530
4549
14954
6061
3951
4932
5652
43167
39241
25453
24278
5908
33177
3697
15845
37348
38111
24179
17201
8595
19356
17462
6319
46873
20745
33807
10665
11605
7910
12976
15372
9723
13760
40695
30145
16206
16488
23317
31619
13831
527
2324
8954
26246
11671
3951
1359
16951
19984
50
25130
2090
6867
27174
23113
10050
1595
28917
34672
7574
6635
282
305
16905
21504
8940
24451
14155
14857
16404
18299
31726
31802
32373
12
24502
13256
4570
13063
2862
10322
27705
4609
3959
270
17690
31971
12304
1114
21107
33535
16751
4342
8951
14577
4787
18280
1680
36969
14364
11672
32137
19252
24792
1707
9897
33485
11884
228
356
25959
26543
29931
37521
24347
6461
3878
985
14572
14099
24980
30071
27077
31784
33577
23758
25361
1962
3379
24106
19621
12911
22070
32135
788
38045
7480
2812
33326
14982
13596
5638
9304
12644
5010
4229
2959
8137
7354
31751
24108
4637
22954
30072
18187
2495
3427
22456
8317
20883
2503
41271
2716
5805
24852
43626
19064
28114
8674
1089
5086
8852
20771
14429
22126
9416
18074
9158
9282
465
7074
4438
1177
8898
37372
4981
2453
30897
8393
16641
32492
23914
22592
2381
21220
7054
34433
12265
19926
13761
16223
10650
16985
4101
19359
10713
26652
3620
42464
1407
37142
20211
20527
6720
34554
14469
21577
38139
9530
23890
42532
5226
14861
4664
14659
26274
51
8257
21340
27543
14352
12047
5074
26731
13972
22463
10305
44985
19213
2438
3455
9806
7688
28130
3874
248
27123
28750
9974
17251
14006
17159
21576
10830
5303
35746
11762
28080
11074
3008
32644
11039
11180
6158
6593
24780
2520
2506
36061
22585
35175
2067
11002
26116
15740
16444
23699
16736
15802
15367
239
1376
21872
32840
26463
3770
15652
40134
3316
10888
4456
17376
17612
8117
37041
9116
7624
16020
6552
14435
3920
3185
32854
15614
1498
4196
30720
35651
10455
16763
10897
25314
2538
29530
9485
13712
6846
12375
11481
11526
12003
27445
318
25574
28605
26898
6485
3667
20925
36592
3100
11404
8166
13521
11023
8066
31254
32370
1420
21875
13566
15660
26723
2807
423
3944
32891
8043
2244
19117
44461
5541
106
25214
29243
38357
9126
2205
2759
16411
31487
22377
43487
46078
25797
10749
20455
24849
48963
5441
10079
898
41240
24697
3774
12599
6637
17198
21588
11505
34548
21949
21462
19424
19906
9746
22195
4152
43704
25308
15133
16348
20493
17665
31497
18633
1903
9276
3783
4068
22047
22399
27290
1829
10649
34531
29901
10194
33366
23379
4574
12462
21720
34036
6034
3134
20972
11714
4234
22964
29852
33023
479
22358
1344
27904
18242
13804
9547
32439
24265
3347
15336
2244
24176
24943
20306
30091
1801
3801
4289
21039
25773
28205
27599
2347
11898
4284
19143
18053
15424
39474
14841
29070
7684
16628
988
22629
9945
6523
13593
30075
7739
13316
26320
25420
24434
3069
45767
29137
171
20473
10712
3458
15962
31033
8305
24684
24548
6852
17900
12
29761
16225
37742
15669
5541
1332
38537
19976
8798
42418
4851
17056
3334
7364
6349
5124
12910
23028
11987
9679
17868
13741
8636
11500
11125
16831
20855
21098
19713
23691
31952
22053
18736
32747
40612
7166
7784
24105
12566
24606
7075
1579
1607
9908
39138
23108
12159
26121
35408
10269
35835
7930
3438
23524
11845
8265
22780
17698
40381
12143
25418
37524
6176
1286
23512
7917
11687
13057
10012
4727
26774
7771
4271
14829
15604
22294
12295
29201
11584
8543
2902
11227
30794
5532
20857
8058
10850
9754
26420
18816
19577
27719
17524
21086
20505
5051
17565
22539
36267
23177
15845
13494
35836
3605
1678
20210
18269
6257
2518
5323
3842
15031
43478
10099
1551
7396
19400
36738
5933
11446
12150
8604
614
17584
12180
25197
18119
3544
36310
14309
1170
1847
20809
5608
10127
5430
15390
13910
4060
15851
4092
1717
23221
5290
14903
24301
11858
11287
448
38821
8124
4760
19737
4793
4103
35587
12461
22213
9683
8499
32373
14336
17967
6692
2056
16576
27356
41360
7242
8200
9518
4586
1565
23715
491
32860
38563
20413
8731
21204
2761
22053
6755
18802
10667
12120
9422
18711
12842
4858
1627
27951
17489
20537
15285
3391
2221
7519
21999
40518
10064
8921
20424
12767
1201
29845
1111
24648
39700
4345
29262
26932
13316
28416
17120
15181
10085
2669
32483
2315
17380
31485
9752
21728
17095
27662
13988
18707
19074
7176
23188
15020
7325
37876
10622
37364
11405
827
24585
10910
19504
27929
17422
2006
9838
31210
13851
3356
15745
5258
13235
23048
32315
8950
19007
27666
9997
26139
26767
27751
6589
14336
32609
19835
4979
19699
23071
130
23693
25114
24144
11317
9711
26087
46124
34407
31826
24594
2207
32690
18209
18205
32812
29259
8403
15997
4292
16125
1893
35533
18485
24218
7916
4704
2448
6813
40755
987
7684
787
5213
33405
26158
5857
786
5485
8950
38542
11188
35690
956
3654
15889
8818
32153
7895
10388
21766
33408
39217
20711
14644
28567
9876
20331
29600
25079
5844
17012
9312
9809
3973
34659
3521
7092
18512
26345
16558
986
8511
12326
13278
43789
11228
18329
21632
11843
20156
27533
20603
8738
9385
5557
2019
9738
8575
1581
4899
7311
12439
49142
9541
1033
7628
4151
5619
34457
25751
15504
4834
12138
4430
265
21217
8185
12581
1485
14448
3030
39818
5191
13606
30440
12282
17534
16272
5258
23420
13577
2887
6431
9981
18135
41385
17264
35053
2882
36445
40351
16194
31356
16026
12543
8094
18890
33725
24969
22329
5904
3447
17151
39176
533
9998
2668
7316
1654
21472
4471
4970
454
44124
1936
28926
23113
15923
33739
11724
10349
10578
8959
6205
6398
31315
9934
22675
12897
33082
18733
5831
14111
21828
19384
1454
15091
6960
28261
35391
3659
10040
15079
26806
2926
15016
7560
3253
28771
35194
2300
7261
17592
25540
31506
4876
12638
17386
1625
25104
9320
24160
19822
13983
6865
23721
22180
30422
16474
44203
8046
750
2709
26831
36507
11000
325
9114
21161
23978
34833
6402
27862
25742
28349
19640
36210
9053
4376
5990
43227
7799
28735
42992
13445
5073
36206
20578
38161
14128
994
29704
45922
9097
2612
12528
11321
32438
46593
2818
28807
11507
3369
12298
23678
7231
9545
13913
15026
25855
8885
14308
16402
48338
10931
24788
17338
1755
17378
12984
10640
1891
3599
11410
32788
22269
11766
37519
34734
13273
29836
25872
5035
12330
20270
19827
11427
26728
35235
40912
10645
11982
4671
23859
3728
8387
4846
16603
4780
9302
24400
11007
15531
33124
21049
23883
9437
29898
10298
11284
7545
11975
23093
33357
3965
8783
4700
3763
12373
36654
11923
26141
1776
33773
279
14143
24299
21127
15150
30672
889
22051
2369
4604
7188
34829
33317
17401
15478
27003
11606
18692
4895
32371
19757
10778
17546
9204
7173
38124
34418
24593
5176
27219
22820
4161
12080
16008
5799
19630
13949
21077
5310
10540
15601
4109
15114
108
33201
17337
10068
13714
5148
2832
15439
6149
1104
10320
22807
17584
40703
16401
20935
128
28313
31748
39225
26808
31258
3365
19015
10992
22141
33386
21279
39960
3236
33129
33546
33003
19704
32289
26184
26703
12887
32939
34991
11795
22134
32775
159
904
14791
31264
3656
4186
22792
8931
7641
31758
16190
2036
3472
42744
3326
6815
15150
19078
10401
20091
30873
14275
42540
15898
4912
5337
27365
26111
4603
19263
8508
13001
11512
8393
876
29191
37132
7901
260
1676
4910
10525
40813
31317
26443
19374
15283
16191
10213
912
30989
18160
22693
7300
21906
11722
1921
11860
15121
29824
45362
6566
5674
5732
40368
2855
23577
24568
19961
1797
28366
23717
29538
39256
40435
19142
45162
37077
12711
28205
1827
18800
5952
1270
9233
19827
4861
925
19750
18238
18531
16138
22488
7177
13631
25139
22531
11817
39821
940
2334
33813
8896
29379
26291
32698
7218
4269
10279
12232
8745
1104
2099
22983
755
1906
22859
2706
25282
6244
9955
16719
19725
17422
14481
36898
17779
9644
15448
13834
42288
29365
35965
41122
7987
8985
2549
2071
17437
12573
12930
4155
18234
11135
24143
13664
8808
26159
6889
10442
3584
23305
18362
14755
11794
14930
23128
6282
33922
14824
21518
12515
919
23961
6296
7337
15936
24322
22722
26260
8338
8388
17743
15074
17587
32028
12893
4543
23779
2933
1615
16658
32195
38886
15463
21313
29595
27346
22488
16622
808
14720
13716
772
7874
29809
16075
16331
10648
21
22873
36845
7574
17302
18593
15071
5157
30472
5851
5077
25859
8683
27259
23591
6335
34909
2219
18477
2469
9490
24758
16962
38595
14240
21213
11969
2006
17867
10422
18358
26121
13156
11845
46556
8151
17586
40348
19624
16886
53
37000
32877
18786
21180
23138
15973
15529
18701
5643
14996
26610
65
6820
28230
22288
2978
9102
21849
8137
39699
30161
19026
7992
31569
9646
22438
12993
27341
14904
15638
37837
28906
13391
41665
13159
19818
25908
15676
10919
33579
8526
2122
7927
26508
24257
4313
2527
10422
9599
9847
17281
4397
12591
35955
17801
35046
13782
25652
5187
1364
12265
16427
28093
37037
23890
21951
4557
6178
10811
640
19689
16285
40323
21388
4755
11765
11288
4449
14564
28518
40494
29525
17169
16921
12364
12098
19842
5458
6622
693
2932
37183
43726
11129
1749
31430
7623
7405
27207
23553
16370
11859
24412
40489
31108
709
15128
32061
4710
2984
25253
17205
29955
1387
21848
10881
9848
16700
25081
29435
15216
4960
6023
970
21380
8780
5634
31559
14644
12054
17064
25940
7838
7594
4013
14953
8169
18578
32124
45708
6779
10851
28043
13515
3045
1856
31352
18769
41672
1800
11009
7152
34529
12126
1719
36642
4464
14005
6742
8780
873
28496
19067
12033
17592
35392
6750
20194
4208
20499
8879
23451
12897
26056
9803
15809
16804
29242
8801
592
29574
7612
29081
9573
15095
34709
16280
22341
2173
4185
9990
15776
36439
94
44178
1626
8756
9894
5287
12274
22911
9265
15423
13577
9293
6714
32753
14415
11862
14642
25183
21221
8865
40514
21341
1804
3569
26562
39223
8278
7246
2006
9533
1656
14323
8273
1819
30284
23779
7714
28787
17054
26368
14369
3474
12096
13097
20866
19881
29686
33682
10097
19181
21571
13904
6854
14403
42062
6509
6366
2409
26890
12206
11926
20339
24509
28306
2175
18990
16628
5229
19632
32700
12134
13056
15252
23477
854
21343
18931
23220
11077
40279
18953
2039
30186
5441
15333
19831
11816
21121
18535
1428
14791
7598
10505
16660
753
26672
11126
18007
9027
1990
18812
2016
8937
18866
40628
8192
41764
7507
17885
1759
27174
11016
17789
25281
15468
15252
6279
11073
28711
21176
906
7117
2006
18093
4502
945
16213
18710
8631
12460
14548
19871
2194
3091
31899
14009
22190
3969
13490
10709
7313
13940
27001
9536
5047
16643
7952
4960
40511
1650
25954
32013
22812
774
29320
6133
40603
3373
35011
9981
18410
6408
12073
12356
31454
486
22799
11959
18964
43942
18099
41502
7741
48891
28601
39488
43288
34821
20152
8122
37960
166
5977
19312
39931
39903
26255
17137
20512
14531
33920
19772
7251
15129
528
5379
29630
27003
33894
25026
24228
23060
12977
3423
2353
33588
9620
26860
7671
16479
4700
28288
37213
18967
11535
28984
26095
19847
22478
20098
1722
19619
6592
11142
3433
19624
41628
34618
17963
16531
12831
42357
584
7066
7532
6463
12406
22681
10878
27714
10314
2059
22243
8971
17410
24697
19119
5012
26540
25250
13157
9655
19532
2129
12950
8085
6005
5774
1230
10232
12223
17748
9123
30912
4459
10530
40188
290
18679
17647
26206
35200
4295
32986
18889
33732
1861
33001
17592
9839
30032
5879
28990
4148
48009
5563
2872
18110
6944
33496
9102
11257
24415
16997
6629
16415
28280
9105
3482
41585
19312
24973
708
41278
5992
7632
7573
33735
13524
2088
6441
35047
33550
21126
2270
40860
30702
16900
7552
12790
6118
13644
6012
13888
11162
13122
27023
3132
5479
16162
9729
20024
17585
25644
21886
31744
10456
16084
16190
34066
7211
15134
18803
7967
20603
10361
19389
1162
12855
6494
6895
33230
34070
22091
21122
35963
27532
28121
1059
28411
12386
18903
14411
40821
12160
30301
820
42707
19031
4397
13484
12800
14137
13481
9381
21576
6154
27873
1449
29718
14172
26473
24916
17018
101
9414
21878
29224
28267
1832
4527
13508
10492
9058
29111
31792
869
21875
25225
22916
31952
10630
19926
6004
9515
31947
24661
26269
13743
5143
17683
25084
22394
19310
18639
13506
8764
27864
19916
8373
19740
27113
29750
13253
6495
3710
6203
22283
37113
2086
22071
42130
12869
17673
36352
10645
18552
11522
43182
24708
2396
35627
31821
18837
13410
9816
35273
26044
7535
14560
9498
22335
4675
5455
7967
5714
37223
18270
6182
5422
4144
30508
260
26235
29145
27769
44660
2253
6885
6669
31061
32888
23739
12570
21034
7228
251
16802
27056
2793
15774
12625
5402
16603
23746
2786
32002
42544
13589
22864
1688
1029
12742
24081
23463
31406
2873
762
21164
18913
34580
22376
3270
6216
63
36959
13973
6517
5866
13221
40873
24977
24261
36206
25735
29464
2152
12461
4734
36194
9592
25135
7885
13131
19290
2620
1962
31709
32644
5031
14342
22882
36501
47139
6550
41825
1421
4890
1764
49027
38100
12694
43903
12824
18425
29771
29815
35728
1033
39821
3849
13948
11634
33000
11422
21006
36155
37427
19437
14359
6879
18414
30121
15829
3747
3358
31375
6156
22412
16856
289
7325
3157
22807
4172
15760
22953
7727
8554
17660
16631
5181
21498
10825
5750
9110
10399
16595
5907
38397
15932
26140
17004
28977
27873
34317
415
11632
20968
45670
1675
37695
5
15294
17343
6637
6541
13298
13481
1349
37274
8873
21091
21876
4630
30317
11498
3692
26337
1823
17672
22948
22994
38986
4339
1751
3810
3432
1426
7237
10569
1044
8972
606
5835
8825
42422
40693
26986
5778
15731
1854
14656
33739
22428
8297
37950
6512
12188
24119
7616
4829
1370
8067
1824
30057
7953
1403
5460
4081
2087
36510
10902
13568
18236
32965
23049
13649
34783
16563
33526
7345
19767
4798
32188
1252
28599
3108
21465
40651
41751
7231
27772
21003
11505
5525
111
11388
17900
17891
22124
26217
26046
23944
21108
36641
14268
3475
25785
2913
6616
243
10313
3493
17510
20972
9526
14574
8424
30220
39747
24774
18871
20880
20637
35151
19258
42531
8559
17265
12168
22287
29726
4554
3491
9101
3194
26743
45163
26488
17273
21315
18551
491
23453
13079
13109
2148
39675
27087
17993
38765
4797
4025
10623
30453
22709
7000
13334
1164
10144
29440
5228
15634
17015
6871
21405
23124
11935
17057
23251
17315
9650
21884
2130
11290
42062
4562
21788
3736
4956
34294
28866
4717
23359
34922
41527
5056
21987
9800
17351
1591
1073
9333
16599
27073
22383
4422
11118
3034
5514
3739
5918
26711
43103
23904
10257
29175
38086
4108
13918
11933
15849
2333
4686
15082
946
8615
6419
1339
34304
8454
2474
10746
10790
343
31188
17411
44724
5275
10311
22202
23043
3903
19471
29175
30036
45594
43095
27220
3957
10304
22204
4472
8286
22887
18498
23454
6651
23445
7988
15180
23554
3801
6686
15075
3093
29807
35046
1828
32629
11253
8593
29844
1248
8673
18555
14898
23678
34225
219
30320
34916
3613
19393
12081
13590
4774
22
34914
10670
4902
11428
2993
10736
9299
23624
31969
16011
28262
24843
5250
7487
9447
29587
10776
4427
5127
13583
22051
5403
32209
6602
24299
15836
15031
216
39668
11583
4350
38453
15829
25230
26358
41556
32238
15132
15372
21453
20053
402
16798
5142
21892
21863
32578
7799
2903
30693
28970
2850
6857
7818
21923
30109
19358
8728
38185
3615
6840
37722
32382
4253
36830
5731
41622
35693
33070
23372
9004
16668
14445
13095
25700
1377
28751
39788
12399
11775
4722
18304
5927
6316
21394
11161
20986
20453
4316
15634
4232
20390
21506
40973
29711
11516
18651
9052
22332
16778
10155
5023
9499
33984
26362
13588
12345
26122
3341
38382
23661
10839
10198
18698
12741
1143
21527
30525
19597
28476
12393
21629
12013
11576
10404
7725
1599
25618
2095
29871
5737
15713
7852
21502
18398
5777
27908
29584
22171
13174
36453
6736
40803
11070
967
31997
7765
6812
14212
35951
42466
9027
7117
8175
14356
31321
16487
24616
35348
19777
2610
30964
12955
2441
22277
2576
10676
6026
16492
4179
32656
2146
11174
6691
9270
37025
14053
23713
34119
1595
12723
9815
38252
1397
17982
12018
2250
8850
10580
4947
5768
19098
1147
12439
5740
43130
14708
13850
3956
13124
33212
37154
16680
9417
3376
25306
2372
7130
29449
15189
12320
24817
345
4187
13665
19425
8771
6025
9359
21065
16083
4841
25690
11379
14253
10700
49521
16724
3403
46183
25616
8338
12007
17745
20470
11489
13189
25374
27348
9764
26654
5187
7062
33324
29688
21861
29963
5993
8663
5339
19346
27832
38472
21009
20502
1070
5138
3041
12242
6236
1633
4239
8433
17389
6975
43992
4404
21706
22994
10649
25094
11947
8231
23024
21874
32896
38385
33293
6708
17094
25007
1236
19092
10879
7783
7512
27200
187
4593
3290
3126
42380
8608
16592
34133
28926
10997
26948
33293
1764
2181
21284
4645
158
32365
42511
9577
22373
38130
16002
23082
23843
25860
2415
4321
11602
1608
32457
13376
23359
20438
26211
18337
7960
16426
27617
2527
5301
28304
26504
25785
4207
21512
1155
6663
13570
13348
1193
21437
14985
19391
19921
27875
10252
5247
4543
5955
3049
33146
4265
19301
12740
12858
19912
44915
22197
16253
5590
7350
19670
12634
27044
14726
16100
27788
7488
1465
22769
4611
12960
7616
3316
6582
10535
42256
22581
8144
40625
5978
5529
40296
10967
6147
16489
5317
39698
3908
26085
33052
9938
19329
5014
3241
872
20611
2704
1697
4403
15973
16784
20519
7013
19674
20358
7770
34637
29578
17042
13336
6794
5456
26386
14450
2285
11200
1613
16244
6973
11972
31912
36700
30308
12385
18501
25297
23420
13863
214
19216
69
25002
17360
17073
3379
15965
23343
16092
11681
4283
17565
26144
18351
19800
17999
6671
13410
908
34383
9078
9793
2125
7031
7238
7032
13583
3541
40610
30452
13533
19387
12076
37214
11487
10586
26860
7861
33589
26827
19675
11821
3063
22061
17217
42560
45989
18596
39523
2855
8201
15303
4715
15930
32423
8033
16211
1731
11130
11132
14675
34202
1096
26132
17571
31983
1260
3902
7647
1479
38251
24475
41542
24329
17016
29790
4505
23991
32782
30987
26834
7230
29379
18614
46931
17652
28696
31333
41698
33970
41821
23185
22135
10307
28665
21443
26236
31026
40492
19169
31014
9108
4107
10447
16784
22408
3072
35246
6813
27255
16797
18229
31437
14647
12770
9862
7598
12187
16290
20626
33575
25669
13246
36722
8939
37464
6933
18470
31341
29989
29078
36273
11650
37781
11017
29236
15197
24973
2710
24607
29200
10433
43190
16652
8900
23125
3621
9497
209
8971
27229
44527
17515
13017
19886
14311
10755
18510
23927
3012
27013
34776
942
21208
23320
5965
6839
6303
9281
29748
44747
18090
29501
11652
20302
1913
24094
34383
26188
15929
8516
22236
13554
3310
26351
36281
31067
2209
3307
3383
12189
8164
16361
22313
22233
10738
11476
10684
7818
32154
7809
4693
20228
11576
13536
26364
26058
5603
12531
8030
5105
29220
37845
1307
14657
2879
17086
24472
632
15940
43429
39035
16728
22010
181
35475
29570
33608
26861
12510
9466
34338
27068
19704
12013
13971
6715
7863
32247
9630
27032
9401
18500
33489
26586
22794
13783
35445
30994
16684
36047
31285
16872
4412
5596
14941
2518
25233
30685
10076
7517
46192
27818
11622
39390
24350
12953
2189
1740
19723
4017
13687
18178
19840
12578
8894
3136
39050
8453
4269
35181
19894
792
996
6752
8550
26787
15680
19062
36440
26078
4362
6454
19096
32763
13110
17389
5788
26089
5040
4814
7650
41305
12955
33309
17996
13673
35459
4227
3381
14636
14903
5496
20633
7886
13537
38083
16990
5323
5585
19354
12050
7421
26307
20098
17116
8165
22680
6530
22322
6246
15487
18144
37244
17519
11466
6336
249
14630
33784
47435
15923
26630
4386
38567
42112
10851
7420
481
28386
8434
12844
25285
1376
23986
9595
27779
10435
43668
7757
40160
12218
18776
12235
3797
7750
13351
1693
14683
11537
41475
21717
6119
2239
968
10324
44640
4477
6140
31154
11424
4279
9470
26483
1434
19479
7936
165
4389
959
6072
14227
33142
17047
36568
7181
716
573
14310
2743
15495
148
29555
21276
3820
19486
25952
13100
42665
2248
2842
13429
5851
13978
33084
288
38687
43568
19033
26417
21256
15891
1285
33291
6332
9550
7550
43875
1592
13875
10882
159
14126
10586
16435
28515
24251
6705
34456
2736
6212
7868
38915
8500
11085
38051
18177
8935
15725
9498
13490
5470
11373
8063
6330
31134
21563
15308
29270
46278
7620
1182
420
407
42197
15237
17870
17052
15159
154
14356
13455
8320
531
4442
12081
34645
2031
14151
2595
17150
2814
13615
1197
8382
5614
29765
878
43915
16478
38709
23614
18486
8059
32873
10384
25530
17342
6410
17793
32998
29370
18621
3529
20367
8612
43450
44951
22103
38681
4247
6499
5834
1876
8702
6889
26575
12777
33768
18293
6192
34171
33133
16539
22113
16610
6869
30206
20014
26470
4738
6350
22801
1367
13635
12527
15057
3249
21135
34338
36537
8827
12683
26112
2273
18597
12648
25979
39035
4473
283
16085
13965
13568
4347
14246
6230
18068
29546
15914
1120
35680
28623
3419
5063
30624
23819
2908
16549
2040
1459
35651
17020
17106
6407
41938
28672
19787
3733
5307
23777
981
27820
28327
12520
23691
18559
28178
14737
26865
11217
8133
14544
4611
2420
10254
10462
9791
3534
32251
13800
30739
10069
6420
32258
17569
14686
20578
25754
29610
1398
21649
15788
21192
28165
34350
786
2490
1608
33777
40520
30426
23792
1862
24297
33040
63
1853
13441
2876
18532
8881
23753
2957
23901
5822
386
28316
8542
24381
13011
5825
31059
13450
11909
22300
38475
15583
22989
39708
20172
4312
16760
40234
15360
368
17
348
40339
8375
27807
1352
29216
16609
11814
5088
3277
26866
31988
2052
25791
27218
19505
48589
13457
30577
32333
40308
9505
28752
44611
2756
42699
13156
10391
27249
24001
2678
1705
1453
32433
22373
21508
8950
30018
3055
4411
1551
30548
2302
20010
43196
7587
2668
4245
39053
37185
22260
38045
2554
1644
7165
10756
3417
5109
13199
14128
14240
2908
11590
13068
7757
13599
38055
16115
11813
903
630
7990
2346
5970
9602
5624
5089
15086
1771
687
23468
20657
42214
5073
1355
11691
7837
24791
16983
11000
22704
16530
25553
2466
1656
25168
9170
708
15334
22627
38403
11099
27869
19347
6131
15700
1312
6586
2193
3852
34984
14286
40764
3144
32593
20485
12607
5533
12064
37165
18253
6162
15642
15740
10651
25661
8032
33174
8698
42781
5117
23193
7725
44113
7643
379
28988
4605
20397
33985
31490
30381
42600
15080
27880
23319
25607
11110
32306
5418
26115
2060
17839
9242
37242
1238
43937
8786
25243
45135
13153
21055
5914
34444
235
10883
13244
35330
670
33937
32117
21856
18996
10217
42679
9029
30818
21684
16118
4070
41442
22679
20829
26893
36368
20653
21757
20551
11135
43994
35676
47
14703
15657
8463
27926
28901
9818
18961
15757
26459
16365
21353
20805
20274
35761
38471
9478
24832
13136
5919
11221
9118
7335
31602
23556
4409
4307
6635
16928
9118
12262
42057
4542
1483
20464
7340
16443
14432
18868
11568
15777
13507
26481
15702
8375
6227
38802
10671
13978
18095
16764
15534
2023
4357
10972
22462
2747
10752
3322
2198
24217
7562
19534
1837
12407
14190
17117
25175
7945
9690
6386
9203
23504
24038
21793
22223
6788
1971
6827
17172
11568
11100
30388
19781
4236
31303
4046
11593
5498
40873
16378
19107
14883
22258
22880
6146
5249
25305
2259
20833
5442
15459
11387
8863
25219
8394
14942
13933
17347
7135
32827
8103
31451
9735
21669
32731
15438
39639
12602
34868
15315
5592
2932
6836
20128
20282
7314
4880
27077
9489
29759
17259
32604
1894
23560
4578
33212
6615
22848
15215
9161
3281
14899
3218
20529
27906
35127
3207
23500
7333
21296
34997
10964
4085
39629
7035
12541
8864
26576
7739
4616
26627
14107
22818
2571
9119
13937
18521
6876
37327
935
21100
6250
13929
19294
9183
18604
18361
17596
9555
8199
28093
6756
22835
24179
35717
8632
27990
29582
13354
502
3905
14629
4676
33015
11282
20258
11160
16276
11943
809
31960
16832
9085
2621
21478
18457
4785
29519
27322
4127
18061
8184
16517
7285
22178
26356
30362
6262
14356
7533
1161
20149
16110
27744
16543
8351
11755
5939
5829
2894
4069
3846
46145
4501
21560
24965
12333
28085
22124
6363
19502
35591
23392
5014
9066
14013
14585
7621
33175
26306
3337
7004
17915
35293
1159
6590
2177
13116
23048
15351
14209
15336
22275
22300
9616
13780
22410
17251
23558
11063
45679
8216
18797
5231
9964
10913
31763
27686
21228
10090
19685
4045
15812
253
20403
5079
18082
1984
7875
22308
8369
11398
24674
19349
4700
15410
14548
7149
10244
4480
18737
4923
912
17733
30905
2191
10289
8409
1735
448
5371
22492
2058
2555
16658
10829
27043
24054
14521
16211
21077
11885
14774
10045
25950
24089
12335
31773
13913
12554
10091
2742
35139
4050
8
12827
7396
4168
5585
10627
389
25188
29847
11473
26425
29536
15464
22580
7436
570
39184
31515
9931
9302
26584
32879
8283
14600
11996
17884
14008
45
25340
3243
2008
2480
6469
40743
9870
11094
10236
14074
6096
27766
38430
256
20024
4859
13371
21397
29356
3388
28735
27025
13354
23268
1508
9329
19295
36285
11142
36875
21822
16182
4751
23153
30649
17306
47118
1419
39175
23880
17176
17584
9215
13727
17675
21520
1762
3222
7697
31481
1578
33053
14018
17889
3906
14571
27431
29110
18561
31634
31030
20756
4281
15316
22811
2522
8241
2775
5845
25762
6929
3306
2062
7074
6526
1681
4911
7407
14335
27334
11720
19806
12101
7018
19929
14018
1851
5920
8497
2654
28388
12051
5694
24284
20612
6780
21148
10212
15669
24479
34055
375
22588
29136
5222
10749
14218
1342
6059
9362
3788
31565
26957
8185
1133
28022
46205
10825
41711
35157
26087
12919
38673
7162
1515
3021
42769
21287
961
14502
1213
174
13179
26917
4535
6834
9667
22403
11406
3962
46453
16911
12057
31281
37698
17014
35479
1772
3514
10845
6686
23663
7937
32582
4410
12643
4015
13162
23802
7245
4005
8024
25944
2792
36774
7151
19793
26008
4095
1319
7788
14455
22041
40498
4470
1887
35524
31799
12799
9618
4247
3409
2833
22825
17374
14748
15
25274
8195
26401
4700
18368
38283
20568
13825
26577
399
1812
27526
15305
41565
35114
13025
4651
9675
26146
41621
12439
6557
3992
12273
24137
36800
44821
1245
32821
4175
11088
11574
32891
24186
10426
10536
8054
15957
13423
16850
12613
21289
8306
15345
11702
24580
2753
15459
1052
1820
8170
15132
32707
3785
8284
1282
2651
15349
10400
12206
21836
17870
6857
26550
25606
28536
17067
6614
26941
543
12253
17461
4538
4191
19430
33457
33550
15257
23030
8430
26511
2895
9093
20571
30183
9140
24454
18846
1808
27416
23243
16360
27693
40055
25938
16731
13696
703
6648
37912
19552
18110
18731
1123
943
10851
24478
1156
13907
7838
32232
13919
36205
28794
15939
5662
8517
20822
1339
27983
12396
17155
14894
8730
5723
10705
31098
170
15402
37853
17433
1068
15569
5241
24625
6284
1804
6004
3823
7437
30043
3252
11660
3651
19254
15459
13617
13926
5559
29882
16197
10373
42149
23
8723
2932
31575
15608
377
16720
2935
22176
26587
22070
37784
19154
35654
3135
8956
16747
26453
10531
18618
11368
20107
8768
47342
2647
32437
13547
10551
3205
18253
38733
1811
6686
12435
10035
10489
40382
10878
27051
7786
15797
19295
25452
352
35821
30574
33991
30305
6263
15074
9410
26822
42369
34967
11831
7201
28655
10582
41330
16717
12398
585
13279
29855
12004
15340
28514
33993
33668
2754
3052
28981
42658
11043
13261
20297
22194
792
9942
30469
32854
36268
11653
19817
834
41079
14409
23142
5670
20700
24680
2574
14607
5994
21825
27499
15371
20566
41087
1873
9361
2691
32724
4329
26227
32839
22694
633
25762
7794
19483
14558
1089
10585
14796
17489
1271
5306
5907
28206
4932
10945
12568
33334
15204
3934
2479
18601
18567
6082
13088
8525
33704
42920
32974
37578
9002
17633
21574
5143
24965
8795
23519
20056
45157
4297
9880
7746
9190
28448
17040
24524
36684
35321
3940
3207
36798
32840
20906
46265
26100
29359
13920
13370
34370
16238
34759
27523
17491
24069
34036
27276
6518
1859
43594
403
16701
30770
34594
8197
8481
15292
2346
26780
16318
3522
16782
2627
29549
11621
2563
13381
5539
8132
35624
16122
2637
2619
8575
33350
6683
28110
3281
15720
29125
3708
42052
19593
6480
4364
7339
11825
14692
29862
8007
5760
42936
43235
5145
24587
25991
20850
19763
21124
3531
15802
14511
13375
5748
12286
43094
2293
5088
2290
7801
13678
31639
6016
1298
28498
15401
571
23942
15482
12383
41933
43874
44151
38566
7413
2476
18892
4451
22610
17849
12522
33017
22018
9685
75
1635
957
20235
7226
27608
3200
2679
19006
3465
15505
33883
9196
28062
19305
1102
5288
9283
6021
14397
4580
4195
4358
7981
18014
10689
4308
12333
31289
22929
7418
1241
2748
5697
17633
1517
8854
3124
6175
8737
15198
7154
5827
13708
24083
24904
35277
9725
36220
26312
856
7146
16138
16847
9838
17193
2096
7448
16518
1796
48985
23376
5444
9
1685
2342
17128
13280
11981
38029
5516
18120
19398
34374
5823
20037
49114
2077
20781
15521
614
35184
8269
516
17801
25129
5541
14639
39820
15120
27984
31670
15630
1635
601
15945
33374
29503
7075
29356
24320
4102
3086
33917
17957
16652
9666
15066
14921
7758
14897
39922
6430
1253
5143
25651
2629
28250
18565
17747
20152
857
6231
6555
13313
43750
32225
2194
15113
10977
21398
12126
36457
1799
26242
16750
26884
31612
2887
2549
10116
859
6123
1945
15589
31811
10938
27962
22855
24576
40795
24814
18325
12073
7648
1358
25696
1577
42484
2626
28285
7310
4401
2469
1730
12505
14315
7423
2370
31518
22739
23050
23659
3775
5690
8519
17598
6350
9636
10554
4841
12988
20029
1667
16519
15560
7804
34109
24657
3598
3012
16836
11999
17584
9436
4021
13936
294
34809
12582
5958
34144
28518
15439
38198
30345
39334
11169
17545
31606
8729
23189
3936
4219
30738
25896
11469
11209
15165
2589
24700
14729
640
4742
1923
31989
17974
3354
21072
22548
23869
4090
1033
31443
24569
7864
34364
16434
416
13371
468
32627
10695
19159
30861
7111
17873
6775
24607
2985
36422
5307
31906
13142
11077
34650
7817
13008
630
2275
17476
22533
5529
21652
305
10469
14927
28799
3969
38685
8251
24151
11765
9303
34472
25858
27956
37002
5083
764
33391
5049
4758
22895
11165
3267
8282
6652
4345
23338
30147
6959
8853
26325
575
3557
33285
6701
7043
11377
13626
25823
10303
19563
39933
39128
30898
30349
1179
42396
9876
630
23776
35176
30463
19953
8621
1334
16122
30696
12426
22846
5339
9784
34508
11448
29506
6896
6941
13362
18593
23352
8035
16014
29446
29795
13691
11276
3611
13935
3150
12164
12835
4354
4046
34109
29424
40382
46
33527
7504
3659
15112
12157
14333
26335
18626
1496
3510
6604
32109
105
2657
13284
913
3006
20753
28000
44361
21906
14059
941
35453
17588
27006
13599
3831
35043
32129
15347
1664
8714
25559
13375
16853
400
42682
7890
18727
39586
3382
4399
8872
5462
19648
5526
16842
29167
2845
38883
2396
37977
4891
9160
34667
21147
371
25922
28122
7773
23988
20206
22623
19811
20854
27987
21986
17693
4197
3244
21217
23047
14195
31676
29336
25773
23067
9784
5502
28716
27341
33975
27549
3959
11552
7639
1401
39609
6238
16540
38773
547
827
27628
6623
8754
6113
21791
7010
28602
5281
3611
36366
7050
16111
19793
35223
5425
5468
5634
21753
22450
5038
8839
12310
30547
1754
6583
27398
1388
35865
34301
26554
10349
9695
7034
44585
14334
14346
4680
36322
5508
26902
28463
3036
18906
18498
12184
14821
24760
3936
14890
38901
6126
11640
7863
19941
11115
1128
46983
1348
4838
9040
14592
5093
28054
40693
34259
32193
31841
2869
466
50
25282
23109
21472
41943
32792
35237
1633
10456
7674
12027
9914
6297
4818
17881
31489
13566
592
206
3205
6945
1392
12962
5093
14748
7865
7099
31331
41041
7992
26202
10807
6142
18656
16105
33315
20147
21247
13208
13619
8884
28765
6356
15411
7903
12960
25317
5021
12466
8672
41552
44244
6518
4796
23861
19207
7867
21918
10611
20786
10826
8805
17329
13816
29789
4485
9095
5759
5378
9924
32355
16882
19191
8205
13022
36556
14751
13799
13460
26731
22661
21650
40450
13744
20032
29190
42901
3438
31523
43750
25295
2572
8652
10003
26098
17149
21622
6470
12279
17062
14180
17954
8029
22402
14405
4536
3520
47510
5466
7096
12843
923
5872
2614
37431
5322
15041
4174
16021
1573
12730
11648
41032
7113
9837
33707
27027
30156
19681
22937
17183
11971
22946
13972
3509
18833
5402
8506
7361
10189
2592
16825
29541
13227
13213
3599
17042
26463
12560
37761
28104
35474
48666
44917
31516
5221
25120
16316
546
12659
39538
20996
21114
8503
22390
460
35011
23579
11768
23910
40192
22510
26602
167
2898
34309
7421
24919
15964
27592
1850
8751
5400
33255
22364
27997
22813
9082
7370
20241
31742
34627
22864
4588
23779
3602
11387
13700
29707
4846
3591
5601
35957
7307
14187
27061
26237
5268
15154
11437
27991
18869
16134
3172
21917
22590
30515
418
12869
36423
9797
27493
20678
1355
12499
21540
1110
13300
7539
17560
24094
4017
18818
32342
1011
13692
14637
3259
19236
4516
19645
19227
6881
8625
12218
9929
10925
6003
1142
8220
16352
9862
38162
2585
19208
903
3271
513
17506
17713
30626
12580
16052
19127
20180
20982
37331
31986
1647
7525
9578
8514
23217
29690
3494
41758
17169
23904
6818
35780
14991
1045
39189
15816
6892
26986
22742
41610
4404
15334
34616
67
11620
4197
30003
13591
6683
4123
32544
23618
5975
10847
33453
982
35660
19622
12735
8350
31461
25415
7329
12412
10805
1715
8224
17388
11777
1847
29957
803
2176
5916
34220
32990
19644
12366
17784
38787
7885
23337
3375
31440
31268
3361
43512
4104
12513
15907
19218
38509
16883
31148
9148
18158
40154
11509
221
21745
5574
27641
3944
20186
16794
19840
17067
27852
13887
20806
16124
44563
8862
8760
49818
32784
11951
18665
7643
3206
409
2804
3387
26823
33087
28319
9820
16146
36735
4698
31515
13676
3397
12032
35138
28591
19814
12249
7110
777
20912
11706
37911
34649
13455
424
12984
14332
13732
17315
21026
44852
9107
1990
14916
3155
40109
44036
12973
1791
10934
14611
1890
1086
788
26534
35037
29873
9628
14847
31402
33567
37402
21958
38530
10712
27070
4457
1393
4054
35941
14324
2566
10100
8022
9040
1066
37023
26676
18356
27591
14146
25711
40995
15359
13028
25640
3742
33869
13494
7368
10872
841
19636
26761
10255
15979
9171
4276
3804
10199
13729
1608
32715
17129
40199
8149
30924
8469
43822
23331
18781
1955
12725
22987
23830
35459
4352
23561
38002
7303
32128
35350
22085
16833
25051
23450
21627
10009
12138
4060
4016
924
15986
7972
3526
19561
2731
4206
4693
21004
12451
5342
6781
3212
9955
13704
4719
16328
4675
26322
24423
31793
6414
16800
14095
21599
12282
11586
2732
16627
11056
4570
5656
5998
1949
21784
12442
7860
26218
6899
22399
27234
33010
23701
27151
11823
4412
6036
10666
2737
44561
23500
14793
44540
15265
24049
27415
43954
5416
1618
5096
3582
14084
16626
16137
32506
26937
4521
29615
16843
10894
11667
15244
35338
2494
3036
30029
12908
24383
11114
28497
1905
4618
33513
13844
3753
24377
20926
29513
14982
42270
19730
12994
7369
9798
33798
18953
29877
10428
7049
34270
16625
19440
29652
16641
5615
34436
10520
32959
30896
13336
11547
6188
93
24544
42177
17261
7432
31340
37028
36566
8103
11856
12910
22102
13014
4423
9701
14929
1626
16974
11018
4245
13949
10855
5912
23637
5921
20277
13923
2133
145
8575
39922
15609
4030
7838
8447
32548
7711
6773
14027
25815
34475
7864
34110
12442
38559
23514
16510
12899
24652
39703
25484
13964
14856
10139
638
220
32667
9632
10785
9999
30098
20944
7908
13503
5771
25870
7589
28443
4843
23834
2850
7953
29818
352
29226
2785
8823
27818
11557
17562
27784
9133
14774
28722
17870
593
34783
24682
21591
23142
15789
3603
5105
4580
9066
6667
21654
586
9315
22026
8269
1614
1677
26393
2876
4428
14714
44658
29150
26271
4384
10927
3835
13428
47299
2380
32761
7037
770
21899
4136
12943
15466
4205
11613
6773
22537
19096
21150
2220
5984
1141
16750
16447
14495
38218
4829
2016
19885
8327
17409
30906
15172
123
41897
38633
6427
6579
32734
8283
12996
18775
25647
17012
21774
24615
27776
37978
17841
14999
17969
21098
30865
8439
24898
619
41985
14439
8424
6531
17408
3963
2799
23082
31956
23691
10098
26639
7758
9637
12777
4865
5243
17872
38364
12097
24039
9711
1409
11607
10785
3696
17678
24265
10063
11144
1646
4032
2268
442
8309
982
23798
35652
20046
26706
24528
3254
7315
29372
21882
6535
3529
16012
14398
24846
2721
25863
26682
16744
9655
26375
23217
9638
28241
34107
16322
6375
4191
28892
43844
19614
3067
7589
21094
15305
22122
6784
15157
8764
18923
10545
5735
5904
9608
9376
20301
36755
6412
17021
22429
28479
19052
5346
29770
35763
35488
4259
22314
41445
15298
8164
41489
38514
6068
32864
569
20766
7649
19519
29633
29781
11273
19155
25617
21511
5588
8739
20268
2931
7034
2721
35439
19399
28767
5665
25289
640
11101
11647
11233
25912
1163
16739
27489
9683
3602
36717
17660
611
391
2327
16386
36649
430
9993
6797
21023
11433
17805
7006
3871
34060
3361
20316
20720
16540
40634
7146
15025
10717
1800
10140
11252
9452
42701
4330
34726
21488
44435
33683
19756
35270
6521
15444
5955
24917
16245
674
2267
6259
36498
18934
36230
10124
18979
19832
9919
20401
1057
5466
600
15752
19635
11769
26735
8883
32189
21580
16789
3142
33445
3834
21096
5578
16352
20940
3149
5127
14048
20752
46688
11851
27206
31126
35460
8343
16582
16450
30897
20583
14873
14758
16158
44761
6396
32880
10634
21031
15155
6441
39379
1064
17611
38168
1768
6163
6424
31106
7253
8927
31645
16481
27845
25833
522
808
12306
16659
33385
15927
31529
47787
12981
2241
8812
10362
21425
7716
3612
13890
6816
20261
967
6273
34920
17848
15456
27601
36822
23893
19775
38691
18174
4860
6291
16708
37547
2650
4879
13285
20159
19065
588
14807
21935
30453
9307
2364
14351
28077
16062
3705
26971
4125
29837
15913
18372
23379
24299
7632
29741
6806
26251
21157
15885
21791
29336
21730
3763
27337
14013
8364
10711
21325
4121
1543
14021
24109
12260
24695
1380
10848
13366
21565
21971
45774
9747
12108
2643
11671
16003
37607
14074
18625
23372
20529
8083
43273
9197
22558
5308
17062
7613
10039
32813
11071
7178
9572
35761
15059
28431
21460
6602
22807
7987
31823
6265
12271
15753
9160
35792
17777
29165
23711
16578
37971
36641
38633
10405
33832
27462
1352
9857
9190
14225
33054
12429
2940
30039
6823
11054
16933
2712
10424
3991
13410
4757
17059
15528
9978
1435
9936
32899
14489
19886
16957
206
2127
11932
33591
6813
4585
33446
2756
202
1574
6711
18044
35030
22716
16501
45424
10812
44158
2676
46186
1042
23513
6926
15748
12340
11371
20426
13048
23435
30738
23025
15867
27376
16155
20381
8478
15213
9185
20800
9186
27419
16564
19481
12429
29442
33878
20989
11090
969
12069
32576
13563
4923
21272
15950
112
12080
8629
4143
20836
34673
11605
10723
17316
2758
37715
23425
13753
26622
16901
12134
3722
21506
14617
11688
7072
18239
32636
9236
12025
18394
10338
3825
4527
39209
2889
43450
12565
23132
31598
23271
31296
35865
25564
8559
28237
17647
6212
3141
39071
16191
18191
26493
16785
16307
2717
16747
22556
3369
12193
33353
15625
48701
13792
25324
12624
18055
35333
9753
12493
33137
26171
8274
8540
28127
35189
2444
45063
1158
39667
39667
19308
9217
2657
19080
10153
6908
7641
3666
3919
7091
29281
13363
2284
5657
33164
8476
31669
20983
16723
25858
2899
4591
21420
1927
495
22486
5222
28894
12400
42744
26620
9806
8886
17770
9238
395
12987
8268
22854
16092
13942
11084
1820
13977
11833
13775
6815
29306
33646
14350
23897
11974
11050
10677
20418
10831
1412
27586
32451
15205
12051
14732
24866
6294
527
22173
31640
4933
24358
37870
10465
46331
7343
5952
14987
8064
19704
16953
5304
7303
4036
27192
33430
1554
13080
25325
2123
84
2036
12856
12887
27278
10271
18580
47190
17245
21946
10856
9399
3283
5583
22405
218
15909
2464
9731
3254
9896
34550
2705
14354
13133
17605
13133
30289
29929
8850
25196
18258
4272
15986
10167
13799
28689
9532
5169
10352
10495
6162
43768
16519
18176
4084
13268
3065
17224
436
28060
22502
14400
5196
214
18657
1809
20059
26903
19484
14165
31642
19686
230
14783
39935
16954
13152
14711
3752
4424
1111
8148
32204
6507
30355
11906
8187
6784
12296
12634
12112
12819
27629
1324
22561
22480
17891
3056
1435
4269
7656
27304
48141
21264
1899
10075
10149
6413
10199
14643
10910
27743
647
17079
26418
45
807
3511
3670
3366
16842
42944
34987
3439
7821
14298
21455
7463
7384
24331
8858
21437
1593
14869
18109
21394
5302
39074
19662
20943
19669
11655
25164
7695
20980
61
9013
8380
6255
31222
12156
24451
8089
15285
34177
10599
8299
24354
46875
2200
8566
20063
23823
10690
6843
7649
1585
4257
13562
8786
23515
4406
11506
32838
14562
26822
526
8387
14566
11653
3043
27045
25556
8456
13141
3617
19111
35529
30488
22131
32235
1505
2129
31680
25291
11096
16180
26399
10664
30895
13907
26943
23832
8335
20873
23992
9399
11430
7194
1067
8948
21139
34426
23782
20257
36564
5208
6447
31685
47378
6100
42955
10578
718
26632
17475
38678
82
49234
23395
24738
4727
25095
19004
23617
31002
4463
9199
18733
27680
14203
14778
7698
21698
5588
8148
25149
32091
27467
15876
10181
19628
14970
37292
5238
17426
38543
39207
37089
21300
8382
9346
22742
38097
1467
3195
24393
14220
33152
12607
2157
16949
3999
1128
1804
12373
23069
11018
15228
15229
28262
13579
22303
15111
37742
7185
32226
27332
10430
12876
15358
4240
42887
29309
24614
39412
31431
16922
23788
34948
2941
9361
33986
5226
25215
45808
32454
19257
32419
15245
6177
44935
8230
33393
15175
16244
8231
6525
32828
32695
4792
3814
8158
25938
5078
29357
2975
12338
3071
15103
1421
4089
30558
5541
22207
78
44587
10669
12871
2145
4045
34827
70
28201
3936
14145
16289
16351
26075
7499
948
6446
1242
32389
19457
32144
35174
10756
2821
13293
10268
17708
34672
13873
1468
11982
2866
29746
27829
17937
16821
19279
11145
34287
23022
21860
8558
5255
8938
10474
29174
1143
27304
2577
16543
18247
33435
25125
1583
33784
19943
9106
30127
6978
11716
17284
4777
4777
14102
14326
32979
28605
7563
16725
10177
7693
25994
27599
2120
29212
34178
4185
6326
10165
19854
8109
38409
25500
36623
39425
10640
21053
9029
9023
8641
14134
33829
4141
20065
322
42299
42020
4036
3717
33326
39159
24319
31090
12601
13577
3512
13614
15007
37474
40460
31069
5165
377
10129
1569
11896
21620
17854
39201
17653
21471
23648
6026
12678
18071
31295
30104
5838
14531
93
7840
15280
4903
25855
3526
25222
8767
3424
10783
15937
9646
11530
3672
19175
6685
22310
27037
31283
21698
36726
5156
13601
7433
23555
5315
25722
16091
22441
2703
8643
8653
10254
6658
34742
70
9867
12879
15537
4020
9285
191
23817
4048
30024
16424
14530
9796
1426
11889
12443
5636
31110
1345
12541
29260
12373
35561
13078
27173
6291
26223
33300
13960
36837
2662
13485
18529
27102
3209
13195
12290
5084
18673
11653
12941
10874
17385
41083
917
18473
1659
2890
12823
37307
26509
5618
22039
22771
3028
10932
15423
31954
34528
4310
8969
16275
12518
6040
32154
14291
8973
33878
22923
16885
30379
11973
15787
11840
9969
21939
2778
18403
3061
3863
42045
39996
17068
25474
16174
7485
16316
19769
14661
6328
826
7239
20876
28809
20569
15929
14783
11517
19046
5415
9467
9283
21822
25862
15652
14524
19124
2936
32463
4454
1484
6126
22883
21778
1417
1722
26303
15425
26734
28106
14629
31656
20870
14326
38697
8236
16902
8863
12574
5735
31020
35138
45748
5069
28440
34877
16407
21988
954
44257
10002
24149
26242
15452
26081
42285
22561
491
10259
19867
12248
690
3811
22466
1593
34061
11605
7019
25055
9842
603
24078
5892
34704
26487
4419
20072
17074
22246
6630
30443
24584
33335
38688
20925
11147
19985
9640
40504
26883
21634
17186
21899
17687
24862
3900
38578
26430
24317
20825
19884
16457
5906
7579
19711
6842
24580
9693
43095
6988
21209
13571
24220
25570
5995
28163
22588
2280
5356
10636
14206
22909
34824
5836
12572
42930
883
14258
39315
36546
13396
25584
11982
14597
14808
22128
31258
24084
35553
33840
9929
13030
40565
7404
24936
4916
7596
10495
41963
27586
24215
29837
29964
28595
19002
16482
24194
27003
34137
29687
21963
1572
29242
24717
6590
15999
2505
35610
3900
31652
5352
5951
31509
2013
18192
12318
34831
15943
20999
2650
6518
12934
15148
30872
852
5878
37112
22545
21578
14429
5347
8708
1629
8408
25682
1970
884
3046
49464
4055
19500
13218
850
45169
20787
7667
1753
23585
30479
32716
23879
15558
24594
21002
20081
39597
9469
24762
10274
15277
38807
25556
20916
918
5695
13602
14781
26064
6588
17885
23079
40501
22291
17898
624
26067
8673
18459
35068
12687
22266
25414
11600
10960
31011
29050
16104
21945
17589
26414
3402
9273
22066
15112
30779
15029
42731
144
16037
16622
308
2342
33657
10809
43655
17873
2654
29464
3750
379
32267
20922
14113
8456
18264
3929
10620
27294
9510
48332
3572
21151
15029
4992
22928
24402
39742
13206
35094
12385
18472
31517
4335
37108
12600
205
1632
21305
10110
9049
673
41746
1542
27375
6642
20449
671
24338
39744
1908
37703
6666
19787
23053
34828
12558
30348
45904
19646
29038
23487
17530
13385
1738
33614
2370
22586
13197
619
6908
31187
43995
17592
5003
16679
27380
11120
8675
19524
11038
14657
16157
38619
20716
3105
3888
17368
13803
26938
30873
34417
13324
9927
12410
19003
7694
46859
801
19285
2720
3217
10353
10384
4923
24112
28736
43114
7266
3689
38616
22666
17953
32086
15684
8086
1969
9611
36592
12160
12122
20926
40219
37930
11907
7967
20717
23410
4177
41522
10881
4010
26964
15588
29687
27126
14631
35582
33932
18479
8005
5754
18509
34181
236
1897
1258
12066
17669
6200
40494
19127
9127
17470
36561
33338
5490
10362
19249
15500
23154
24705
27763
8674
11947
5156
18354
30785
8891
23033
23571
16158
1157
4853
1546
13068
6234
6283
5064
10518
15978
30136
14078
211
14721
6222
2376
28620
3745
35302
1535
318
28029
11216
13877
5234
3011
27152
16823
18870
23295
18689
138
12369
5257
5368
19836
23145
11946
10303
20641
12535
31468
36873
4803
1923
23924
3357
12214
2405
20091
14291
20917
6190
7188
21054
20957
6140
9473
11878
33347
7184
10761
4983
17548
22826
9967
30764
14694
36756
26612
9882
17611
20265
6944
2639
3699
2166
23439
5073
960
9348
29181
19507
6215
31007
1038
35544
4030
14224
2808
22320
35978
12705
5045
20096
4223
11694
8239
31019
13270
1340
1757
643
43895
8286
24998
21122
2392
30003
1598
19081234
