512
423233579 125221654 88693723 475231802 214025350 46067421 408912632 671428973 788228374 64609657 678289566 606825859 144116856 152756042 929669481 74818933 649506728 519885101 177796141 685380744 621057319 830229525 236832647 68082374 949512909 818359991 481531258 847174335 204203143 267988307 112657455 788332315 776342173 892146636 722535246 696908445 482647087 286997251 615067461 20545190 425629284 410354258 31677359 716984051 50961286 367007278 16263577 955849657 393265027 287448440 500006927 633917935 586624196 122826045 3379496 166397153 356231131 339961817 418901203 522222882 843778134 359672610 296079985 440291084 885207972 516936210 555020637 894055796 23096341 60843884 86770596 766110198 386358822 48664046 151039000 837693985 378844920 51869693 253755251 524580905 2325713 236615658 596711213 419859585 794584543 294374705 585357070 403704296 668902108 607308113 949248794 998511616 502771150 507490075 550407141 652331504 236018530 988089545 376418616 986432809 775419317 796351306 867652165 926813428 383604495 212885395 480267344 254490736 29882987 444747020 297723127 216768701 662783208 152071815 17072650 201306899 472256542 431326362 333631094 44969129 215947907 315870751 103626807 195899315 4566429 559260108 148253689 277081954 871104881 342299230 748091591 191412515 420775839 202275269 728238333 563794346 778279103 682221897 712030553 817256955 33466785 93388190 553842445 732941970 713903651 505993658 698119119 313310097 119447570 753596694 709436796 276529793 808910106 892364698 339227717 225850297 66200601 41435463 840277354 86803830 633129843 573527102 983178378 781389194 835967724 152574002 792642810 850514851 362503323 628553534 340318125 451007303 337446518 689593762 664820100 76443737 601295859 766233037 149084549 398792733 193624919 452734202 556527149 132740929 401055219 201656461 407080116 146499337 597191656 913074413 884717573 735087656 126291592 375388928 537702268 78485117 232791406 834535974 724689199 712679705 494675123 196703677 288018375 39378886 65361414 358611629 675233104 527288603 73605891 184857747 625512066 411169824 232794777 424960960 13905652 377829469 461024243 991230130 687655306 192802303 107834089 241827550 937180305 215162928 170357977 179144123 460503971 585125528 845353983 882849533 429508226 385230804 8742941 833520727 680494489 83567522 102957309 74740386 538129075 647417471 981998953 513018987 750817882 293788396 921727777 453370216 836324309 800701699 221036418 957747694 862528377 423565973 13027103 44109856 674469774 68129215 886565007 183081024 691644707 767255407 803791088 770346196 845808113 327293274 933252101 987028211 663142726 414506943 386456545 251513433 676816663 110380451 311275946 125250186 492177066 601930701 141268772 69628374 120252751 461792100 61293074 53464504 128130679 550302402 423793435 685970821 750617607 559590873 504508311 525123416 942407431 51717028 504743817 691946347 347260194 592945354 40719 114965470 620497085 364728255 787136932 185247154 466490376 328467622 15108718 989826685 261437283 73745867 156682460 603488044 109688176 186440193 383982961 514401338 438658729 930514338 849631272 997605961 871008209 672506270 754304344 221217164 49313424 811371236 696894446 883215504 286806598 389482874 443545540 523422980 277143930 210168006 672332077 257326395 955171482 32497727 245692434 91773737 262653312 729607325 461060858 281614535 62388472 677043040 929315448 792932046 165442735 154666795 105523421 339837459 763530583 283486108 935404173 870286356 749585821 895601451 83781883 786969930 10842132 383592730 622167558 100170711 479241989 823229339 492539306 785281772 369413793 327856772 688551838 168553567 577840067 271695708 317216204 397984479 715322600 682462928 192602088 28035823 53956932 183714334 701513194 820589729 883211231 589843194 507594027 833229998 582050028 135575513 473510552 472506730 40236544 326311468 113039061 287718215 381149996 644922387 653213944 104053601 939459078 121578576 583065572 115548779 990327172 766935994 296728201 759496636 16799700 745812325 323136727 343725955 43473367 319326160 280545029 249771795 965030914 560333992 147146602 13864054 67174040 812507450 533455657 788855633 904988110 656675738 137372279 375546459 951429570 945044495 428014916 470199969 678112107 876009081 957237156 213608827 62062991 783500784 868636414 406132463 370855548 881562282 96670415 840872554 238355827 497113737 2576796 638111400 611149294 133066194 757205195 117032515 665839140 764574381 738284383 798694553 871609118 366300381 568164334 574319997 78113941 700784188 675808359 301551060 937444361 921334569 324200369 329453491 323926999 764308590 15823658 648552309 669158991 298707583 560665068 752329746 200172650 748767441 735871532 859930957 625357457 341441868 381841355 680330971 572185206 110987650 496704183 768669262 938049058 83704084 917218298 633219448 766858788 135204993 43085092 453002946 635625341 994539886 687024699 481826706 572008379 563330113 745724637 282199266 156377649 959078492 995230747 854749115 407100918 534960005 551505586 250151724 118887888 71755278
10000
60 375
214 350
102 157
30 75
56 284
236 238
190 448
111 236
134 510
25 491
176 326
248 465
127 153
302 393
132 488
31 214
298 464
78 180
188 416
188 410
43 177
162 388
53 252
94 368
80 278
2 481
169 436
49 416
259 508
23 162
103 174
172 270
205 346
98 142
241 339
141 369
256 442
114 181
68 437
177 321
141 291
281 417
95 277
59 485
213 483
262 306
35 243
305 442
316 415
214 469
120 462
127 409
17 115
436 473
45 379
35 229
313 434
318 481
2 118
149 415
128 407
31 145
132 385
406 497
345 437
81 418
288 396
73 105
394 433
197 493
58 344
56 352
76 282
182 493
103 234
75 211
144 336
223 274
17 223
274 449
448 474
246 337
270 408
293 509
203 386
345 448
237 476
64 383
119 153
0 218
76 230
146 261
383 390
126 443
346 507
67 316
82 440
315 390
413 492
105 174
277 478
208 332
502 505
182 187
407 474
64 444
206 301
329 503
349 368
115 199
201 428
111 205
340 400
264 438
160 184
366 474
255 401
101 510
46 268
118 218
481 490
159 391
100 139
160 349
85 364
308 406
134 352
85 329
164 488
27 420
20 316
210 211
180 479
7 188
7 259
262 383
87 252
229 401
299 451
207 454
21 316
313 332
23 72
99 135
3 34
56 343
257 359
53 437
199 207
124 210
358 378
15 383
135 433
170 175
23 247
286 363
285 325
49 509
219 364
113 446
56 269
214 464
103 432
186 456
63 195
199 272
71 324
106 237
139 266
233 342
126 158
201 364
282 439
402 430
235 369
315 351
165 485
71 234
174 445
69 259
54 465
24 493
317 390
214 339
394 494
323 421
116 119
41 503
65 427
447 466
190 467
15 440
247 433
176 325
56 218
331 498
247 367
77 304
108 271
33 106
79 388
431 506
77 247
213 236
210 441
6 430
183 253
270 426
262 357
411 497
339 463
277 410
49 481
223 240
61 428
43 370
25 381
317 465
328 465
82 454
36 302
61 485
243 262
303 377
295 327
287 434
157 461
139 287
95 467
82 100
299 468
278 433
443 472
39 211
197 375
19 509
159 205
128 295
350 430
55 308
298 370
206 339
29 134
333 455
67 248
272 408
77 146
107 399
154 237
125 218
332 511
125 212
14 417
18 438
160 440
176 352
295 370
34 46
198 436
105 151
142 251
175 461
174 300
101 271
114 211
35 429
11 402
314 377
304 325
240 510
405 484
296 406
108 110
10 187
340 358
147 377
273 426
280 408
24 228
227 339
81 241
363 455
443 473
397 477
54 291
142 500
113 373
455 469
364 467
104 114
68 185
68 96
199 431
8 327
262 303
327 436
477 506
123 247
345 372
225 305
224 337
271 428
38 172
370 405
84 193
68 385
312 329
12 374
155 310
165 402
372 469
25 72
220 257
67 114
46 142
371 460
161 487
106 149
268 292
113 345
247 347
211 450
48 234
243 392
265 477
280 330
79 311
114 469
16 430
172 294
33 216
186 296
251 283
345 453
1 413
289 433
250 352
310 464
36 208
115 206
304 390
42 149
185 475
185 200
74 503
161 400
317 359
35 494
130 359
42 284
162 447
94 440
82 511
227 353
338 346
417 487
40 190
349 493
158 185
124 172
357 408
404 493
220 502
237 478
63 233
174 386
37 331
36 141
44 99
149 279
150 468
271 303
61 470
219 435
193 349
73 288
176 236
63 89
241 440
146 247
29 145
307 382
427 501
370 374
254 268
47 472
117 269
79 389
132 215
57 100
175 280
284 338
46 493
271 314
161 199
298 442
264 415
84 509
236 320
28 156
36 343
338 483
137 334
20 160
10 462
152 407
44 185
448 472
389 389
64 301
322 464
53 503
145 488
20 211
147 506
204 355
8 135
180 479
138 356
324 460
262 287
493 500
150 349
20 461
182 198
318 497
259 508
33 511
352 505
362 495
260 470
398 443
8 250
128 387
17 457
174 468
399 476
287 302
208 504
30 78
110 197
242 328
137 214
46 284
7 289
432 437
250 446
231 437
170 386
318 361
180 392
107 234
216 236
283 495
296 303
220 491
82 157
95 123
244 425
84 163
131 494
8 413
113 165
91 196
83 234
6 203
388 437
30 376
34 417
75 487
190 454
296 487
386 420
38 464
15 404
306 487
314 445
175 277
64 439
428 443
328 429
92 427
398 446
64 463
348 418
293 457
206 402
16 211
72 259
123 138
36 99
100 109
125 128
119 309
409 435
193 455
226 363
196 391
133 299
337 377
73 422
22 25
226 329
353 486
269 372
213 237
90 92
38 278
49 283
109 230
149 283
107 413
493 511
142 412
205 408
11 104
169 234
307 341
84 394
75 503
268 279
256 297
282 450
150 432
327 455
282 445
311 418
82 144
145 480
50 287
204 237
373 427
49 173
112 142
390 405
171 401
2 102
70 162
134 167
152 298
60 234
85 198
378 486
279 490
209 464
230 386
161 195
134 282
143 480
121 438
163 365
87 295
137 188
184 204
31 60
151 314
389 502
168 273
40 491
2 432
16 297
205 271
89 380
180 455
80 205
144 223
147 480
24 160
76 143
48 310
391 469
308 436
17 342
266 489
86 470
44 122
171 255
260 490
211 411
108 457
238 439
341 495
52 210
11 438
87 401
36 54
34 478
219 472
226 480
37 176
418 474
20 446
345 494
53 503
30 155
73 196
237 380
166 451
116 458
45 129
107 462
268 309
44 81
10 205
69 331
158 201
48 482
181 223
310 490
224 332
144 374
101 459
127 179
43 380
168 461
399 468
286 371
116 144
18 18
30 318
49 151
207 223
35 282
100 349
69 421
275 437
141 353
22 169
200 439
54 372
71 461
200 263
177 178
242 333
306 495
319 319
63 203
27 377
21 111
371 456
68 306
121 476
230 502
40 176
40 334
26 295
98 246
22 98
270 324
475 497
14 502
42 92
431 441
124 425
380 390
205 510
141 363
194 388
99 362
37 198
140 251
16 270
34 504
98 406
86 101
236 457
36 419
121 491
84 163
54 333
86 404
35 145
40 311
3 427
179 339
84 224
30 101
131 405
304 443
69 134
37 510
143 203
63 132
265 477
247 510
114 298
7 78
240 407
101 260
173 268
199 435
113 182
173 377
400 433
55 285
84 135
124 406
217 360
96 479
32 82
34 397
103 331
106 321
146 295
203 428
121 155
376 465
28 286
457 484
272 460
13 257
17 238
142 465
130 238
14 362
377 392
28 270
200 201
138 507
18 288
107 135
290 405
90 267
42 118
388 498
58 192
29 112
15 130
88 279
297 308
104 361
241 251
55 485
131 461
35 233
71 248
282 392
28 193
329 422
235 357
271 338
35 128
86 181
24 97
438 447
325 332
78 499
129 360
222 466
183 509
334 425
123 379
116 434
115 429
303 383
89 131
50 159
18 377
340 359
50 299
6 16
193 205
16 146
443 445
56 119
91 353
298 376
209 396
96 454
265 318
313 469
188 286
57 501
258 373
234 332
105 424
241 368
10 487
9 18
238 398
145 287
132 396
191 361
46 282
156 167
213 369
91 266
37 307
249 325
178 455
101 413
40 127
31 32
119 353
63 296
43 385
311 478
194 220
102 260
218 487
135 152
64 440
280 311
201 283
281 431
110 358
79 252
28 311
263 501
191 396
109 495
197 509
57 252
35 405
155 278
133 314
32 320
237 375
202 407
410 441
212 320
279 302
316 397
238 504
22 220
100 182
340 480
4 120
119 119
148 424
300 488
338 503
28 442
296 316
423 501
300 504
195 318
300 449
145 202
194 400
68 379
106 281
79 276
88 135
19 438
123 438
46 318
8 243
156 377
3 388
150 404
234 477
91 488
1 311
136 235
172 443
190 197
76 430
268 376
19 327
122 330
148 219
64 306
123 334
220 424
24 487
67 368
177 394
191 372
283 477
132 212
378 467
17 275
61 447
286 409
373 428
320 359
5 449
54 230
48 482
188 339
380 438
358 433
0 193
352 465
155 157
248 314
139 275
16 162
107 153
36 442
96 204
353 442
90 251
36 226
7 428
175 243
405 456
61 268
323 452
251 498
46 404
133 376
281 400
97 391
34 443
172 274
356 375
231 247
64 215
190 402
225 249
44 163
141 383
333 426
23 284
132 445
213 348
313 326
184 348
240 414
294 443
144 179
265 346
293 454
155 384
108 379
191 191
58 85
23 82
341 350
395 486
144 433
306 352
128 258
32 83
388 452
474 482
60 225
189 457
115 211
93 129
177 233
76 200
320 407
432 438
275 389
135 417
368 397
57 433
73 242
98 313
59 497
211 460
24 379
7 258
395 506
299 494
92 101
214 301
71 337
116 202
379 457
355 415
21 274
98 469
125 414
262 503
235 496
80 507
202 392
313 461
69 109
335 349
13 348
131 450
99 422
46 233
93 225
80 374
202 246
256 277
0 238
321 367
154 433
49 256
198 453
78 400
190 432
126 266
462 494
40 245
171 314
304 467
366 417
17 172
23 304
114 148
18 190
133 147
1 143
367 434
466 494
109 131
66 313
156 247
296 338
379 505
174 362
105 417
125 217
175 385
176 485
52 423
165 235
238 302
243 478
33 235
270 375
30 72
16 132
180 234
286 350
230 373
327 346
133 231
317 329
58 362
456 508
43 183
355 374
167 466
278 292
183 323
209 245
58 397
62 349
200 244
38 456
98 397
39 224
178 370
302 338
307 416
178 251
5 432
25 135
137 301
2 227
175 467
2 22
184 351
121 306
92 417
233 384
410 511
90 175
180 350
381 434
23 251
422 473
456 508
187 432
14 445
159 259
391 469
49 222
152 321
210 394
123 376
22 116
125 158
38 231
100 188
376 383
149 446
245 419
177 239
388 439
308 471
166 264
104 146
16 457
182 191
366 427
221 443
130 273
65 397
69 347
235 335
79 374
100 329
59 234
151 247
296 363
332 441
283 367
220 443
210 252
270 493
288 508
265 494
78 233
266 486
105 456
46 121
372 474
226 346
65 86
332 488
303 370
44 221
383 423
311 493
153 319
56 171
320 381
350 465
2 114
322 327
79 373
31 271
88 374
385 451
116 313
271 309
111 410
172 179
394 418
68 416
162 409
291 352
151 469
404 505
123 132
103 111
275 303
285 286
66 382
162 300
296 474
312 377
139 346
188 355
107 346
68 333
81 187
169 202
14 168
0 436
211 269
169 225
485 490
170 258
333 336
102 379
144 292
102 113
144 498
487 503
240 241
56 67
238 491
345 433
7 219
16 482
148 360
291 319
212 298
199 475
211 403
461 474
245 332
135 164
92 237
372 373
67 144
175 175
40 488
296 456
59 253
84 398
260 447
288 311
113 260
158 304
145 183
104 327
186 483
277 478
26 360
67 286
315 486
102 511
64 470
66 130
205 272
18 230
234 275
35 182
284 370
434 453
142 223
403 416
153 418
33 126
140 434
124 210
98 120
414 431
26 287
44 480
265 289
274 279
181 278
72 308
283 419
221 452
72 99
323 384
140 337
261 494
95 102
216 375
5 166
319 485
214 488
171 274
366 376
138 278
257 391
28 387
6 270
383 393
84 374
170 462
350 395
184 396
194 220
164 166
184 279
164 420
312 396
62 415
282 472
16 264
163 356
416 478
82 151
30 303
342 483
100 191
170 359
116 387
2 104
282 355
21 242
38 435
110 296
21 423
36 213
171 352
262 386
337 368
131 220
272 448
398 417
25 66
370 374
291 425
119 457
420 500
77 276
117 122
65 299
251 404
280 289
71 410
20 240
114 202
57 215
75 315
10 397
4 456
475 500
114 406
184 487
114 181
115 216
96 143
344 465
15 298
197 213
97 456
215 256
8 75
368 434
372 440
121 482
77 459
247 340
164 438
144 254
316 440
18 408
72 406
392 452
42 110
283 489
75 239
117 188
113 465
144 426
99 492
296 503
240 475
68 143
247 312
184 257
112 236
343 483
160 418
329 475
150 155
14 349
130 194
176 299
197 367
94 363
5 35
3 341
149 226
151 416
300 353
236 281
144 417
28 92
121 157
48 472
380 416
4 468
163 222
62 470
214 321
40 341
271 413
115 140
275 423
318 373
195 408
133 332
28 128
62 336
170 259
180 507
464 475
311 469
122 211
62 436
26 203
332 406
268 403
271 348
124 231
80 342
186 399
140 149
151 423
75 388
86 439
28 359
199 275
101 499
51 426
35 147
61 279
3 296
58 317
6 225
41 356
83 157
307 444
187 370
123 417
347 413
97 507
141 235
34 501
151 202
165 310
368 408
123 140
22 59
111 124
313 322
279 466
163 210
150 471
318 490
9 415
30 303
26 461
347 381
382 435
6 157
226 511
410 469
248 446
309 379
208 371
219 450
116 344
128 254
140 221
185 203
164 326
159 213
175 297
113 115
326 409
178 254
114 425
131 496
203 456
56 257
59 197
234 327
365 434
223 293
254 414
37 232
208 288
46 208
37 267
217 510
288 443
265 323
201 235
37 464
210 309
68 439
117 376
423 501
121 280
3 275
375 413
161 249
58 165
77 487
216 224
221 232
484 509
254 325
49 72
126 343
226 301
123 348
100 216
270 288
37 94
29 57
233 245
200 381
79 81
3 98
46 71
3 397
21 132
122 158
356 457
262 471
19 468
331 459
209 365
311 496
291 323
306 502
92 386
54 148
82 272
10 190
14 375
194 287
66 324
356 362
251 343
281 394
103 467
155 489
285 473
336 370
137 489
330 444
224 374
72 247
222 228
227 323
338 398
139 204
196 375
307 499
269 406
298 364
260 493
223 439
24 77
345 496
189 463
165 439
7 298
316 319
426 491
22 45
15 73
291 317
189 417
278 281
0 350
198 205
323 473
499 509
219 404
71 173
74 433
87 331
335 428
100 476
24 98
353 389
199 484
158 240
296 504
249 367
152 323
61 318
20 384
95 213
399 429
82 216
97 170
348 404
378 404
86 302
210 401
37 411
290 330
156 447
164 447
182 442
346 499
308 453
174 467
90 342
6 342
345 447
185 440
114 255
0 154
69 123
174 260
189 223
145 505
42 284
57 306
60 381
30 166
241 408
78 84
18 457
72 96
169 443
264 333
464 510
293 486
209 495
240 242
146 441
358 362
211 299
65 97
76 155
81 166
283 384
90 446
172 508
204 285
84 337
44 276
362 501
181 387
22 303
222 370
382 474
248 462
85 311
241 348
178 236
202 345
226 470
21 278
2 240
23 447
9 81
273 282
39 191
343 359
179 322
337 423
252 347
98 132
297 459
137 142
252 507
34 404
150 262
108 161
188 193
67 67
312 510
238 342
82 248
210 331
231 478
217 337
4 312
293 427
197 295
288 457
234 238
19 479
128 155
44 163
155 445
1 232
470 470
95 477
58 476
414 489
75 138
489 506
290 493
144 242
31 252
178 398
189 352
85 257
31 262
213 420
319 426
133 366
273 446
116 384
151 286
56 239
319 463
82 383
139 237
127 381
159 350
380 425
2 234
317 463
32 156
13 390
85 485
24 220
20 439
344 448
31 262
58 338
7 359
107 477
437 480
302 460
187 409
150 334
419 461
387 468
130 176
197 253
132 177
138 194
204 366
96 385
246 501
84 281
402 486
46 328
233 266
311 453
296 352
134 493
213 246
279 410
362 502
390 410
41 343
138 176
165 246
251 397
233 427
383 443
81 223
193 325
1 13
433 479
241 484
75 373
150 447
68 297
37 384
434 482
66 314
69 444
105 132
91 160
380 396
40 400
276 445
75 318
260 500
117 373
292 459
84 240
71 175
90 228
219 433
45 65
131 162
112 123
212 501
450 455
235 282
282 328
63 220
38 115
125 287
123 165
135 414
395 443
156 167
81 89
336 363
187 435
444 501
30 151
112 127
228 366
41 282
120 412
398 487
131 237
109 161
106 274
250 350
170 255
197 334
125 202
10 342
367 486
285 493
332 379
153 367
106 199
214 391
219 237
28 181
220 434
317 354
243 282
386 418
38 286
65 173
365 501
176 377
137 164
180 368
48 448
230 402
256 456
193 420
140 337
167 455
274 389
92 303
350 420
176 489
88 286
241 354
143 274
259 329
53 451
180 202
231 419
80 139
243 248
339 445
283 348
218 288
135 258
394 442
232 422
134 500
82 346
117 342
14 240
289 324
51 434
258 264
488 495
342 385
301 391
127 489
114 156
224 436
310 476
83 220
162 185
396 495
355 388
469 474
160 227
179 249
10 76
386 502
6 111
213 472
16 452
15 204
360 478
25 81
132 492
75 360
116 182
82 219
186 477
63 269
196 481
393 433
144 177
205 266
6 336
126 158
340 451
232 349
276 461
153 504
323 433
255 437
115 121
142 219
208 238
242 421
52 310
166 391
316 397
121 250
364 485
67 306
103 139
72 331
224 502
150 355
45 496
79 214
383 448
88 164
215 324
136 301
272 464
26 225
52 500
223 324
79 199
75 483
322 500
100 507
103 298
52 337
273 458
171 294
34 327
66 277
77 275
12 129
212 297
139 477
122 334
24 29
440 469
169 260
149 416
28 98
476 502
39 388
113 309
271 458
85 333
106 373
143 439
61 209
166 361
54 197
287 401
86 156
161 353
260 500
182 291
154 232
234 417
42 448
44 117
408 472
58 240
51 410
34 466
399 440
152 507
261 287
4 74
284 361
137 474
237 331
74 306
280 412
121 469
223 308
337 476
79 377
340 363
288 386
204 375
38 215
267 488
305 388
455 463
228 276
198 394
256 302
215 471
350 489
162 262
243 353
68 338
298 421
14 180
377 430
444 488
95 429
211 345
193 238
88 255
106 299
94 373
92 250
52 378
128 320
94 388
214 408
174 184
88 388
323 492
6 79
255 440
2 203
254 320
101 215
78 245
396 424
243 297
195 292
61 458
437 493
157 213
53 289
115 453
350 357
281 500
196 399
159 344
10 167
10 293
94 180
362 441
78 506
108 461
385 445
288 403
72 202
262 462
229 436
229 234
90 257
204 339
20 267
132 420
164 216
185 354
192 247
389 431
54 274
55 276
400 407
122 383
188 293
160 316
309 448
133 145
276 445
11 189
128 287
252 306
9 239
110 511
139 383
385 446
488 511
107 269
193 280
46 113
93 468
93 223
232 309
189 407
35 69
61 302
202 367
104 311
261 272
366 485
38 130
277 507
101 192
325 328
7 179
40 120
42 497
192 279
137 362
84 244
298 354
273 334
302 402
401 441
140 431
71 207
152 460
312 510
231 404
213 314
197 260
259 446
335 479
164 473
151 393
26 376
42 484
33 300
54 271
292 303
374 480
299 506
51 222
47 381
46 451
15 80
67 205
93 499
99 344
408 435
452 467
201 489
273 428
45 236
202 283
355 462
136 382
162 197
96 100
218 286
8 451
141 447
86 421
311 431
237 288
56 237
167 256
137 339
257 431
172 464
253 490
234 415
216 293
3 129
367 390
414 493
138 322
337 457
59 103
15 19
62 298
353 381
370 479
78 470
9 34
326 387
66 265
429 438
285 324
212 468
420 500
9 372
15 76
76 349
121 498
188 218
141 240
119 244
379 426
91 168
103 223
287 413
165 412
256 454
196 270
314 355
96 173
208 440
9 427
436 443
326 464
59 164
227 475
141 504
25 261
79 159
261 435
31 469
295 320
3 267
241 483
263 423
20 228
100 480
159 281
22 272
53 310
0 333
172 261
101 353
500 503
315 466
12 39
51 396
136 456
202 457
163 231
258 357
152 218
375 440
252 264
89 348
173 178
245 307
39 305
406 451
53 147
40 53
208 246
34 353
357 479
110 345
14 259
0 199
114 461
141 481
6 206
386 436
39 371
347 443
209 352
2 454
273 499
384 484
110 209
250 500
41 316
141 393
94 380
106 166
55 228
222 382
51 460
13 49
196 290
161 326
78 478
158 280
24 292
58 439
201 510
189 306
57 316
71 299
126 427
325 424
230 307
119 374
320 414
181 493
229 498
10 282
43 476
103 465
241 323
381 505
114 163
270 339
76 243
438 492
31 314
302 367
50 428
24 159
19 92
292 504
180 482
50 79
248 313
272 299
241 486
57 362
24 436
297 314
198 316
214 468
421 488
429 464
269 495
308 421
241 431
223 474
383 457
62 261
116 208
370 473
385 509
139 198
161 353
54 108
31 413
103 276
79 452
23 439
163 409
90 205
46 459
209 219
75 385
296 414
129 380
296 408
219 484
357 395
378 426
305 316
125 382
266 355
75 366
286 454
329 474
220 286
235 284
180 203
70 394
155 256
320 334
263 268
11 411
25 100
47 173
46 132
73 214
170 500
333 449
139 372
59 75
228 506
248 480
213 307
212 343
294 363
75 453
137 394
25 377
232 356
98 318
69 183
391 473
265 351
43 61
376 435
97 165
384 452
11 63
68 372
396 404
236 379
6 463
416 456
455 486
90 507
71 360
124 508
84 430
138 236
154 265
161 248
327 349
21 471
113 451
59 327
49 490
412 423
387 428
133 381
166 376
114 337
265 438
182 501
302 327
190 493
66 161
268 277
107 244
119 164
47 489
365 408
21 79
7 319
200 498
24 199
189 330
16 347
22 63
167 278
256 256
117 334
217 415
178 446
247 477
9 354
314 505
57 135
111 393
64 412
414 426
129 346
274 426
271 327
47 321
269 293
244 448
242 288
125 487
11 286
0 407
149 397
55 153
313 484
176 182
199 465
152 365
172 193
144 236
87 91
343 418
246 472
58 369
298 412
279 394
148 393
80 211
271 475
13 73
139 253
291 319
140 363
80 276
439 485
218 263
183 251
179 292
29 379
90 473
450 461
103 329
203 249
103 455
23 286
147 413
208 248
154 219
46 105
157 209
219 305
278 414
379 390
302 477
322 476
268 496
261 433
17 73
275 443
102 289
134 493
95 230
434 500
79 329
78 259
41 507
167 350
64 211
244 506
29 44
117 219
106 190
145 305
24 84
339 352
132 330
111 413
393 418
210 414
153 248
35 339
356 423
94 351
156 507
170 319
257 378
269 296
16 456
155 405
395 409
133 384
11 324
333 481
103 466
292 455
149 403
110 190
268 284
80 102
95 230
186 291
293 373
388 413
151 226
36 87
345 378
1 357
191 358
215 305
45 484
268 452
137 412
81 398
121 290
184 362
20 169
27 502
38 67
311 493
27 461
125 328
54 316
362 421
82 137
17 28
40 330
220 230
401 468
92 420
153 159
123 249
186 250
274 494
104 123
128 197
74 194
27 300
8 144
124 503
142 214
377 422
60 206
168 205
60 461
130 359
34 483
5 341
134 453
39 159
432 478
54 326
331 446
161 314
290 447
359 425
86 233
152 305
37 394
167 291
5 418
251 300
42 183
176 334
55 396
134 454
179 196
405 447
19 29
187 301
29 66
147 277
245 356
253 389
46 195
42 378
66 505
417 443
334 383
112 118
24 459
92 392
84 362
141 243
38 182
247 273
340 405
26 360
221 408
5 205
208 330
38 338
252 387
154 172
122 270
39 459
115 446
80 458
171 476
40 314
202 365
173 446
55 408
98 162
248 356
18 116
359 371
198 416
213 300
196 230
223 382
24 394
59 483
251 394
373 419
4 102
4 472
97 186
324 343
48 400
199 458
108 154
83 294
8 409
335 488
65 448
4 80
82 219
146 188
313 346
203 238
132 286
221 392
147 360
114 213
171 358
48 446
435 500
147 230
3 504
144 311
72 421
82 510
165 377
289 485
214 296
55 142
217 316
305 374
273 502
197 454
20 20
270 356
176 323
153 247
163 212
33 367
374 401
25 90
250 404
181 470
27 451
227 305
135 245
298 458
259 381
219 258
18 102
89 500
436 497
94 373
27 464
66 291
202 417
67 334
34 414
172 357
143 328
87 341
286 374
154 333
164 178
309 504
141 420
190 401
241 430
256 297
46 94
308 345
261 397
62 481
107 110
219 324
0 20
424 460
196 380
88 335
100 501
178 211
25 346
6 37
1 10
147 375
1 83
51 243
69 116
164 441
35 473
87 393
134 182
109 430
266 268
126 410
245 427
331 362
13 371
117 156
43 290
35 182
179 224
461 491
419 442
181 365
169 449
157 447
211 220
288 357
19 434
115 479
258 362
106 378
343 380
394 425
24 349
93 178
155 509
412 495
103 362
31 152
157 306
426 506
125 211
126 228
2 39
116 476
102 413
111 365
164 368
51 382
99 105
152 443
448 495
328 351
208 481
155 351
204 424
110 322
253 430
11 194
236 477
12 32
386 431
405 412
80 465
149 432
178 423
159 337
434 495
203 362
1 59
12 101
15 36
300 459
223 440
104 203
226 479
264 342
75 419
15 44
91 504
25 84
372 428
295 461
52 337
103 180
70 200
80 381
266 274
254 409
124 251
66 334
114 293
72 131
270 410
32 450
238 433
369 489
2 223
296 395
229 410
171 385
115 229
28 141
56 439
112 331
141 385
134 501
92 438
123 244
380 442
403 439
236 320
194 238
344 412
128 210
121 276
39 44
455 485
88 204
350 407
496 501
343 408
212 332
265 506
77 79
157 193
170 269
109 500
18 164
182 217
18 229
453 470
220 416
338 456
213 334
45 91
381 483
20 433
231 391
210 491
397 401
380 489
192 378
371 371
7 480
6 399
191 227
86 143
122 180
0 39
262 494
435 500
49 351
164 281
350 356
48 222
377 395
94 241
397 450
205 479
74 249
243 355
89 151
44 232
37 285
284 358
123 311
164 380
59 216
204 412
57 91
66 453
21 481
301 456
312 417
289 419
197 208
20 152
166 408
11 487
73 485
135 398
169 373
59 256
324 342
324 327
55 103
313 363
75 111
31 287
109 142
436 469
49 408
127 251
14 87
19 366
15 107
49 325
153 417
16 414
54 357
289 378
264 493
392 482
8 195
132 340
374 442
94 94
418 437
49 366
77 240
1 66
81 234
50 428
97 393
180 500
40 177
418 423
4 154
263 477
240 338
353 473
270 395
35 182
73 438
189 278
216 504
85 273
107 209
391 400
329 471
176 369
238 387
80 494
14 243
316 421
305 341
161 417
24 412
1 413
23 123
92 484
22 43
144 381
141 147
30 217
12 191
224 277
430 457
292 298
460 462
28 78
39 195
169 477
17 152
17 464
391 442
334 460
212 467
180 245
328 348
197 265
6 370
20 55
340 456
141 160
36 328
164 492
18 163
201 384
300 486
1 451
92 399
62 349
250 339
94 202
163 264
241 477
174 484
132 154
217 440
26 369
162 442
253 455
13 156
76 133
429 451
58 456
410 499
104 377
360 494
280 410
39 356
130 246
84 172
242 467
281 481
189 344
35 450
57 476
156 365
435 448
106 381
130 176
265 316
145 402
156 342
306 339
135 275
85 350
467 497
85 500
17 46
110 183
148 294
406 407
21 464
256 471
38 159
285 375
255 356
19 176
251 348
121 453
88 384
123 146
83 96
380 455
211 303
145 237
15 364
80 396
142 312
171 389
112 406
6 329
138 196
168 429
142 495
8 214
181 453
238 445
200 404
485 494
14 213
9 340
57 130
227 404
205 223
182 493
32 346
449 494
110 350
229 448
48 508
51 382
306 489
124 257
63 205
140 416
230 490
145 320
103 432
193 227
19 42
362 371
60 114
137 152
223 420
463 467
321 398
181 239
370 452
89 223
12 247
98 499
402 478
328 511
274 341
14 164
64 490
393 417
31 301
79 506
24 277
256 371
319 502
45 406
272 309
169 200
64 263
222 330
456 469
421 498
64 233
38 222
7 79
96 173
104 196
138 239
8 178
418 451
244 454
108 385
53 374
52 249
269 441
381 491
124 477
300 335
327 387
465 509
234 482
225 465
193 274
11 233
50 178
104 406
202 257
209 354
178 404
325 493
252 298
96 288
420 438
120 249
88 110
105 237
185 391
92 322
65 297
412 502
372 397
246 251
94 299
213 256
264 497
415 502
323 447
323 437
81 122
27 316
339 472
166 452
248 288
279 446
31 403
260 282
257 489
62 261
157 194
372 427
106 237
297 433
55 446
179 260
14 58
340 398
448 504
312 463
406 478
335 482
53 333
271 274
11 412
13 275
172 317
431 460
296 462
439 499
425 447
50 411
105 248
414 442
192 485
177 249
219 394
45 416
79 333
425 452
39 232
88 336
472 473
20 483
294 308
240 312
95 252
60 482
94 462
276 369
152 233
207 408
176 491
329 491
152 162
373 449
136 354
106 235
85 441
98 390
30 494
53 471
237 290
225 312
406 465
49 339
359 409
188 364
220 262
84 101
350 445
14 469
220 255
94 339
396 458
68 304
59 214
34 218
232 389
285 286
39 119
377 446
23 448
116 186
179 229
16 308
93 332
334 374
394 486
29 50
41 476
126 350
70 154
0 148
133 135
193 254
141 348
19 496
49 75
57 251
46 274
209 343
96 399
24 29
181 473
2 52
271 479
105 191
286 458
226 407
63 63
219 230
149 436
22 245
289 322
373 435
71 341
6 68
352 494
65 414
267 452
101 459
300 389
323 379
409 511
283 425
28 415
0 380
166 232
304 451
162 388
11 384
310 372
262 353
196 348
103 364
134 139
293 426
360 400
263 433
275 457
137 198
303 434
317 442
37 171
425 448
347 370
253 280
125 157
205 383
56 134
88 174
116 235
250 429
286 351
196 402
135 455
295 482
183 318
136 340
18 490
243 342
231 341
42 467
277 471
97 173
131 393
375 394
197 450
308 380
132 200
48 167
191 356
18 380
329 439
398 483
163 272
360 407
74 491
350 509
98 309
36 155
98 393
107 290
4 134
107 264
2 487
201 428
403 484
310 343
56 430
157 476
326 337
108 470
5 190
195 316
309 456
3 100
250 426
424 456
84 396
132 458
127 153
84 451
387 416
410 444
244 511
299 486
154 157
342 402
12 204
264 363
83 296
88 172
271 452
302 321
28 96
90 262
99 320
54 419
64 212
183 421
280 329
155 507
2 136
1 368
31 68
93 480
394 478
37 408
331 372
120 502
269 318
58 130
401 494
15 404
170 336
121 405
417 468
227 480
10 26
254 260
40 165
25 224
68 367
213 460
16 200
86 142
255 427
110 225
150 176
255 456
316 491
109 307
12 289
431 448
217 345
115 175
218 373
355 494
83 88
83 258
154 232
133 494
180 278
319 323
154 246
169 407
239 302
345 439
442 481
123 398
39 328
302 333
253 381
231 352
191 453
283 405
355 362
46 434
12 371
162 338
126 145
256 266
21 233
65 113
105 458
21 69
73 430
213 382
405 408
171 468
127 439
200 211
350 470
336 345
70 73
101 101
223 345
33 316
293 370
314 479
305 362
145 307
67 84
277 389
239 320
130 164
139 234
88 234
191 277
241 263
47 168
206 455
78 102
345 495
366 436
325 430
23 499
118 345
92 310
429 460
265 497
438 473
206 256
23 420
5 511
32 335
85 470
207 221
336 391
19 252
97 286
0 296
30 282
258 406
280 407
134 222
261 272
260 329
106 429
257 441
200 259
24 319
45 231
4 490
227 237
103 230
171 470
351 429
311 331
28 101
324 414
34 218
13 439
185 397
323 358
84 200
317 497
58 419
344 408
253 361
2 172
220 499
128 191
158 488
193 382
1 352
14 323
9 231
18 330
67 353
138 190
117 225
130 293
1 247
69 238
16 110
53 174
111 161
102 274
392 505
30 286
143 163
257 436
267 280
257 341
324 375
430 510
318 417
194 206
120 216
210 413
412 507
171 429
317 437
316 410
495 495
323 508
261 292
307 356
453 478
92 376
145 279
198 445
131 320
24 121
84 264
167 300
177 252
203 271
98 459
323 434
353 356
8 315
276 496
157 247
59 81
202 506
159 476
349 482
156 323
157 190
262 317
102 447
27 322
160 295
35 135
65 230
233 319
232 309
4 486
161 234
295 298
157 476
231 276
60 305
225 380
416 475
127 503
104 452
339 340
160 395
197 219
443 457
272 405
296 320
312 440
83 313
67 188
59 498
97 281
17 84
133 306
196 358
109 417
20 123
45 229
292 418
113 247
175 506
137 219
262 473
465 478
56 371
106 505
282 380
12 304
405 476
273 412
383 510
328 437
136 315
20 92
39 412
67 397
467 478
195 501
207 377
154 454
173 203
214 505
263 352
331 365
162 218
383 392
141 501
107 387
348 386
389 439
358 494
3 205
400 444
9 348
412 480
311 439
23 299
28 469
79 122
18 204
26 135
132 179
33 360
269 316
179 446
200 332
342 368
284 388
278 359
253 269
259 310
39 493
314 333
119 376
136 175
166 330
27 267
57 484
390 434
65 168
223 491
84 218
309 503
28 377
232 336
288 436
188 352
15 55
20 161
380 415
206 409
194 278
198 369
247 432
8 154
324 397
192 401
230 472
362 463
33 272
189 498
208 237
284 473
211 417
113 219
356 445
89 227
31 259
35 397
62 231
323 478
186 433
66 253
138 286
173 497
75 348
295 370
69 233
76 507
354 378
328 395
185 387
23 480
87 304
214 343
86 409
75 377
49 427
24 135
152 167
0 11
82 472
142 292
50 509
25 285
3 507
109 473
46 292
65 496
111 151
135 423
34 247
361 362
403 450
229 511
44 346
42 266
177 213
211 273
415 435
304 486
249 351
4 413
97 99
223 282
154 329
309 309
66 203
321 329
377 464
37 381
106 356
302 481
330 462
20 457
115 463
311 373
95 134
177 379
115 155
454 455
184 315
121 417
245 405
41 64
69 113
212 246
86 149
145 200
101 319
327 406
30 293
110 351
85 184
103 362
61 463
396 465
193 490
96 195
237 370
207 384
253 508
340 346
382 493
258 322
209 332
160 261
416 442
428 501
193 261
122 377
436 454
131 329
213 462
138 451
127 138
329 401
285 340
26 250
450 462
127 350
99 193
350 503
43 191
171 223
90 145
136 196
39 67
160 404
100 496
141 475
408 425
62 469
27 149
294 398
359 432
20 364
112 498
257 327
100 184
337 392
128 226
271 285
147 448
115 467
152 481
75 423
361 484
86 372
314 365
7 366
37 74
258 439
154 176
145 472
65 355
7 52
343 447
115 204
181 436
50 255
42 251
46 369
282 302
318 499
103 215
16 299
63 237
327 457
145 458
116 432
104 323
320 488
256 354
8 147
63 173
25 52
248 395
152 190
195 506
49 167
260 428
134 495
252 381
224 501
110 197
136 332
126 477
306 453
187 482
293 342
31 402
82 475
123 357
309 396
24 390
142 279
45 501
266 319
31 449
217 277
195 440
57 154
17 406
212 229
6 141
214 488
24 455
135 264
19 233
146 286
243 426
60 245
327 409
130 203
107 380
53 113
122 283
38 439
342 461
122 477
110 157
56 358
2 215
151 155
64 327
37 248
404 489
310 382
165 286
114 256
212 476
362 381
150 232
218 474
25 468
93 475
376 461
69 380
155 174
59 226
195 431
279 337
188 259
12 31
167 443
72 464
286 358
144 494
37 76
340 482
37 285
66 372
277 367
340 343
263 426
177 454
299 397
124 356
330 446
27 295
202 463
75 399
49 429
47 476
213 362
74 283
5 324
261 462
276 395
428 487
111 252
115 243
171 277
204 286
292 402
133 163
231 419
33 324
56 271
242 289
45 464
112 282
404 501
80 374
21 303
14 246
84 356
85 379
136 315
39 45
295 344
67 252
195 480
227 265
47 47
166 493
156 505
194 216
187 187
83 298
315 370
82 183
29 492
94 371
296 354
20 379
121 496
223 462
102 209
22 294
332 410
288 483
201 387
215 221
89 294
263 386
187 188
63 147
235 261
479 509
147 414
99 250
126 467
156 304
162 271
333 418
18 380
367 487
417 461
235 467
144 219
106 445
176 330
25 243
332 412
148 431
94 380
17 150
231 414
271 404
216 450
69 250
308 482
400 477
1 92
261 410
53 372
99 414
102 486
417 458
108 182
349 480
140 251
93 100
26 64
203 488
151 170
140 314
39 221
283 467
326 475
7 85
6 387
87 504
2 489
438 473
68 118
208 474
225 285
69 389
32 50
268 435
339 351
51 177
247 414
328 511
201 368
278 416
128 209
166 223
455 464
402 450
38 254
337 441
309 382
35 311
7 273
84 360
303 376
203 204
198 222
21 74
162 174
76 507
366 384
266 359
271 432
281 330
143 317
313 386
135 330
337 503
139 452
174 433
85 293
49 359
447 457
283 346
94 302
123 252
25 225
26 116
256 301
227 271
146 336
41 388
365 436
27 40
6 138
382 469
83 117
267 311
199 361
27 450
41 184
344 382
127 176
112 268
209 391
18 22
49 52
254 492
139 510
170 460
30 123
36 375
105 483
8 481
287 488
199 428
111 129
91 266
292 364
266 267
91 237
408 501
18 152
52 102
108 167
115 492
121 308
177 316
23 461
22 150
47 451
227 362
27 30
33 149
320 400
30 47
211 311
260 262
139 300
142 390
89 457
47 400
318 428
28 106
187 330
89 460
354 412
74 366
95 358
80 104
261 261
290 326
81 478
214 471
152 237
59 60
273 292
127 244
96 385
163 370
126 479
179 235
40 97
117 141
102 208
151 214
215 398
257 441
7 92
379 382
272 318
296 497
144 362
280 466
19 178
7 360
108 312
206 496
123 478
257 494
134 392
39 50
22 162
102 180
140 313
124 136
94 105
78 124
311 408
275 464
110 158
142 498
48 294
42 292
40 197
9 139
284 419
204 441
261 496
248 457
125 298
108 163
96 189
191 430
37 365
44 376
87 288
48 365
366 411
102 293
271 446
39 459
147 308
257 395
141 363
362 397
211 415
138 189
500 510
470 490
133 383
198 379
106 454
11 356
56 416
442 460
13 106
164 291
154 361
109 373
29 401
148 283
129 334
162 375
76 388
16 272
50 489
182 438
395 409
3 169
317 485
380 500
196 263
34 411
47 116
120 433
91 480
52 434
2 376
34 216
261 466
99 236
221 501
270 389
68 371
197 352
34 454
322 437
293 313
95 157
111 240
310 471
47 332
11 479
132 358
48 212
186 195
358 360
63 496
260 301
290 360
20 114
131 331
317 362
25 338
248 320
182 438
60 161
318 348
62 155
379 472
10 275
9 399
45 375
122 159
221 396
37 408
261 335
173 389
349 427
39 310
432 492
105 361
206 300
307 488
34 159
178 392
347 460
72 349
254 316
176 289
192 204
96 211
78 124
162 449
175 291
30 63
171 263
14 393
79 505
218 478
200 461
216 393
43 201
282 399
193 303
70 236
99 112
78 379
259 317
134 279
335 459
144 359
80 416
195 511
372 506
145 441
88 230
15 110
269 333
208 420
153 278
331 392
122 174
476 505
139 202
232 506
279 493
99 193
28 52
67 121
13 155
15 366
115 493
168 440
197 264
310 464
256 264
378 420
98 322
396 457
36 107
166 215
174 345
171 486
131 163
1 197
15 236
93 440
248 506
197 319
69 393
48 324
92 214
60 89
132 145
53 490
23 150
114 462
234 417
92 349
155 473
281 444
196 227
197 353
0 81
208 444
199 377
216 443
29 245
97 202
12 194
90 96
319 462
198 255
363 502
200 216
11 151
168 370
275 437
112 400
0 289
202 454
438 498
216 300
190 282
279 444
113 196
158 188
96 228
225 426
152 309
363 474
201 285
139 172
78 497
64 204
151 378
133 216
169 298
444 504
222 414
300 420
418 492
141 177
74 227
20 440
15 209
8 21
149 205
81 82
5 467
229 403
49 472
9 241
125 417
148 210
26 33
416 498
51 327
5 274
160 419
101 328
79 95
232 490
14 354
132 207
172 232
9 232
152 375
139 506
336 423
221 460
213 384
189 243
405 479
369 396
7 211
65 350
132 210
2 329
37 391
326 481
264 333
116 433
146 341
154 356
11 233
296 348
227 373
424 440
353 422
21 435
49 136
260 383
314 358
425 492
62 175
308 400
187 348
48 364
284 395
57 480
105 313
31 353
22 179
105 226
156 427
235 460
15 32
123 298
272 388
28 366
374 406
146 227
42 254
39 401
264 371
242 439
76 315
55 120
264 326
245 290
224 246
116 238
13 42
247 441
268 345
344 375
154 404
8 175
5 147
372 511
125 292
118 214
192 361
124 448
180 402
249 313
355 468
122 451
174 241
236 272
133 326
142 166
402 459
37 101
441 495
37 390
83 284
161 323
31 335
142 322
108 137
175 293
62 309
285 314
87 315
39 98
419 420
293 499
199 451
272 326
101 387
209 443
48 252
134 247
234 280
150 355
76 247
400 491
51 278
30 421
118 490
98 188
14 481
222 315
286 360
276 334
93 493
70 138
284 488
185 374
306 368
128 432
245 303
261 280
101 109
216 403
211 484
29 460
328 405
90 358
71 214
66 85
322 472
246 465
61 481
232 376
132 284
159 364
61 424
36 370
303 383
59 171
189 232
301 352
30 401
252 294
98 283
229 390
112 259
306 419
68 136
36 308
308 374
4 88
141 189
195 232
216 314
181 278
376 485
135 353
131 457
232 290
494 496
279 498
27 187
240 452
346 497
18 440
263 461
179 357
56 485
227 258
38 245
141 438
410 458
214 280
28 227
116 336
124 369
99 217
80 210
214 509
15 222
250 304
107 254
84 415
449 492
399 406
178 447
115 364
68 310
154 208
151 307
341 397
372 406
121 510
212 380
48 97
4 505
4 338
134 239
28 371
274 493
157 402
112 279
362 446
366 409
142 427
157 274
210 415
228 260
398 481
260 261
9 43
291 345
248 421
14 165
37 333
196 227
233 398
164 504
173 214
46 411
193 359
139 214
93 207
244 344
17 473
262 429
90 488
115 172
480 504
254 262
320 360
53 329
384 412
194 275
127 278
123 278
171 239
27 487
238 266
204 470
96 460
123 147
80 89
288 372
86 152
34 311
146 236
10 298
196 282
36 56
45 261
299 466
154 277
159 223
125 341
38 373
374 451
15 98
381 388
97 452
37 401
151 298
49 186
15 175
290 291
155 174
141 274
184 384
19 141
344 428
51 351
84 284
179 475
232 336
213 481
116 417
2 374
24 367
97 201
275 472
48 347
49 351
435 459
10 187
336 426
408 490
217 413
232 466
3 272
203 217
25 161
127 280
273 306
179 354
278 400
15 48
183 459
230 412
212 317
8 498
23 221
87 133
190 475
412 438
363 451
404 465
355 366
233 269
21 310
86 124
384 508
73 196
214 376
105 397
285 441
82 363
130 135
301 340
31 53
327 406
244 447
36 345
412 496
42 463
196 371
96 238
222 408
190 265
310 335
19 188
296 445
204 498
5 13
79 198
26 297
17 149
166 237
184 495
116 139
65 352
1 375
172 172
91 308
399 422
48 325
98 108
19 200
200 203
211 284
1 202
299 448
359 367
31 300
253 395
439 497
34 467
178 492
246 293
45 60
75 427
453 465
282 458
59 113
281 289
130 183
265 467
96 265
159 420
18 472
71 422
203 406
3 481
44 419
90 232
266 511
266 455
102 333
119 479
120 241
183 212
213 346
353 363
51 495
38 52
111 188
29 87
36 298
236 327
219 393
29 122
261 388
156 163
62 71
408 505
10 60
116 323
102 498
10 500
198 354
19 280
293 481
34 187
264 498
32 178
165 495
5 458
420 467
96 496
13 135
92 181
380 473
69 438
12 416
193 469
138 150
359 458
191 248
25 429
224 273
49 312
118 204
8 399
135 234
403 470
98 383
48 160
15 296
11 464
97 415
255 465
112 339
48 183
110 413
250 479
47 195
409 493
156 244
243 303
209 473
364 382
86 442
48 257
1 366
45 499
318 354
111 228
123 182
92 187
106 402
180 444
4 118
364 411
61 270
6 191
11 271
68 459
147 334
41 496
107 412
64 224
199 445
95 230
20 123
229 286
202 498
163 473
402 406
300 424
117 479
115 212
404 444
19 250
290 301
171 444
121 275
192 230
442 500
263 330
211 217
16 229
54 88
185 283
423 479
11 286
185 314
241 326
214 216
318 427
303 456
381 382
137 237
201 282
1 46
262 336
65 398
338 491
432 451
64 392
4 302
209 499
234 362
70 361
134 278
122 483
50 425
12 22
325 476
108 321
104 504
69 466
81 209
375 470
333 477
174 222
262 344
267 395
119 279
17 396
327 339
130 302
41 442
49 235
63 134
214 419
161 179
251 459
171 435
78 182
45 427
216 367
163 396
8 74
217 369
239 453
222 398
242 328
81 313
206 289
111 241
415 499
17 240
255 488
33 354
14 153
253 310
148 246
36 256
179 493
273 359
126 371
121 372
431 492
431 434
25 431
140 344
186 252
55 408
65 442
9 315
189 272
45 114
117 345
278 418
232 280
328 406
32 41
106 153
466 504
109 157
92 463
148 166
5 123
44 166
452 500
88 298
294 494
253 443
311 320
152 322
177 411
200 266
385 467
159 419
185 428
250 447
320 344
227 434
411 454
348 457
23 471
38 495
201 393
21 333
321 506
34 34
51 86
114 343
391 476
91 400
152 325
160 164
328 391
251 401
16 336
268 459
166 395
28 206
359 457
81 268
219 404
19 272
15 509
41 56
28 192
13 472
193 508
387 482
399 421
243 318
267 268
353 456
137 248
24 149
3 264
274 427
180 462
105 379
184 398
252 382
242 444
165 266
43 245
176 466
216 293
314 353
88 104
317 505
51 300
360 447
67 98
146 448
200 442
199 502
352 389
310 359
51 434
200 218
2 35
237 424
81 85
378 480
400 438
412 473
170 360
11 495
314 423
244 509
297 378
164 173
212 439
106 263
254 474
62 340
284 325
62 218
272 479
117 490
155 265
131 205
168 420
82 251
40 500
322 361
8 388
79 409
295 486
42 166
196 496
56 312
214 478
174 454
356 406
64 347
437 456
81 391
249 371
122 126
8 326
264 460
179 227
7 505
26 465
426 451
36 185
113 506
236 380
100 293
231 453
449 450
66 193
141 405
58 297
161 274
442 491
218 330
24 113
86 389
243 268
90 136
325 360
20 27
337 343
249 429
174 507
10 253
105 184
469 475
378 511
120 361
11 321
19 208
362 460
5 73
164 265
222 371
5 355
470 489
424 450
13 462
102 446
112 259
102 498
464 492
149 445
227 376
238 337
50 230
192 375
208 481
136 266
8 494
41 396
207 346
54 268
218 482
99 343
358 425
325 435
207 311
56 108
120 229
130 189
17 479
41 150
158 219
326 502
59 243
11 283
119 432
12 376
239 289
320 433
28 318
107 225
53 226
2 462
330 452
247 503
92 291
172 232
220 250
327 331
97 266
90 90
147 422
210 380
350 356
111 413
341 469
122 353
426 508
53 313
18 496
106 297
137 502
39 149
105 418
356 397
308 481
116 400
190 482
102 325
209 250
235 305
138 409
3 76
239 373
92 491
297 398
34 75
168 429
205 413
63 323
145 200
317 440
50 510
27 179
296 477
250 367
151 392
75 325
121 283
105 376
217 271
380 427
179 465
104 272
232 442
411 461
395 503
109 326
220 346
423 470
72 491
247 395
236 258
125 156
354 479
224 405
450 458
136 280
46 177
121 131
324 382
139 467
146 426
329 402
22 185
257 340
191 200
367 510
203 284
38 117
29 184
240 241
364 455
41 91
175 209
38 177
383 395
249 272
6 272
96 154
253 269
47 187
88 99
59 500
245 464
62 189
253 373
232 332
144 246
8 352
31 309
241 446
122 194
13 396
322 413
112 258
193 466
21 346
162 395
111 188
24 398
214 415
77 502
125 440
55 115
140 353
198 282
25 125
40 47
127 271
244 487
25 312
55 180
315 455
108 159
135 347
427 432
38 492
318 413
162 511
446 456
163 219
114 208
210 274
227 324
355 507
74 343
58 119
195 466
30 281
76 310
6 477
313 479
129 509
34 215
102 250
39 141
67 456
172 376
212 355
285 310
41 419
57 347
329 505
34 374
67 151
199 258
166 241
149 206
226 350
54 294
192 254
73 369
82 367
170 267
87 123
54 247
328 347
142 478
457 498
257 472
61 263
437 509
205 315
7 451
83 434
178 455
493 509
79 258
308 476
204 406
36 258
202 437
55 419
145 400
4 112
121 285
82 86
175 385
214 245
462 494
234 376
102 207
265 410
63 298
104 175
139 245
104 421
408 470
279 455
301 402
173 290
176 221
97 157
247 274
159 340
73 160
311 410
17 222
82 232
281 478
11 169
154 226
199 507
71 108
337 504
6 416
82 147
97 415
393 458
193 478
116 448
29 454
178 356
98 275
113 450
192 274
49 283
454 505
224 400
101 473
39 48
150 282
111 303
57 410
334 403
3 404
319 488
228 362
289 294
75 207
76 305
25 126
340 367
146 349
116 420
205 300
142 439
24 137
135 337
49 191
7 154
406 510
112 299
416 486
242 427
203 304
51 111
203 432
194 339
49 397
122 408
249 277
412 508
153 393
206 214
64 498
74 371
251 347
211 217
428 463
128 452
189 232
291 391
24 101
234 314
192 444
4 7
82 492
239 304
44 438
242 507
91 332
138 308
73 425
165 295
272 287
153 507
95 393
346 501
203 470
416 485
2 439
209 407
61 190
77 111
208 413
356 393
56 250
357 391
141 493
303 486
69 340
213 271
150 189
44 504
210 443
209 503
196 280
94 452
407 471
300 429
95 313
288 478
229 311
20 168
210 416
295 463
146 209
163 219
198 374
312 332
150 257
200 496
146 202
5 454
206 360
180 194
133 455
130 144
33 124
48 460
132 293
269 421
21 414
132 477
104 357
367 475
144 224
74 349
111 129
433 471
369 501
24 32
224 250
228 244
91 208
163 473
70 470
191 233
102 140
235 285
20 207
146 258
283 388
75 302
277 469
84 387
40 493
356 491
127 326
70 334
26 296
81 276
61 206
321 343
208 417
35 205
67 144
229 434
86 408
234 462
73 469
212 442
395 497
14 215
303 417
2 116
18 43
314 413
76 332
259 372
340 433
3 28
217 414
48 341
48 156
217 404
124 451
37 188
162 504
277 356
89 466
436 471
370 404
223 476
194 476
92 451
413 487
117 445
23 287
115 351
39 179
190 456
139 152
391 436
53 311
405 460
352 358
182 346
156 265
318 420
187 502
200 355
11 232
6 129
174 266
59 421
86 469
108 274
399 411
395 458
27 133
352 368
196 353
69 162
204 361
218 304
156 467
316 460
416 497
71 376
287 327
54 379
273 328
105 268
78 174
477 505
73 121
217 416
0 17
17 133
73 396
407 462
459 507
432 478
273 363
336 414
124 269
39 292
384 485
156 420
170 420
243 266
394 455
8 121
50 366
146 503
111 477
2 510
282 341
157 501
113 471
6 435
470 477
246 508
352 435
215 493
227 289
182 192
18 253
159 435
306 334
287 481
255 504
267 486
284 365
204 439
33 272
386 447
114 247
212 294
92 476
154 507
70 336
11 26
400 412
143 481
6 337
155 213
2 262
294 506
392 470
480 485
3 460
205 422
150 443
13 186
75 436
286 428
198 320
115 375
0 102
229 232
248 419
27 477
284 359
27 40
102 302
66 80
265 308
16 146
125 168
58 443
275 312
173 278
400 429
285 327
136 367
65 91
374 502
55 332
49 84
243 479
44 352
198 431
296 398
219 273
379 480
228 343
373 397
161 232
308 332
28 212
168 480
12 195
253 406
92 346
282 436
475 483
220 317
0 344
100 262
150 503
107 296
5 145
152 280
233 255
48 216
256 397
212 437
251 255
90 340
247 312
88 468
143 460
72 387
133 412
147 354
93 459
135 452
390 465
52 180
147 153
130 166
90 263
253 314
241 469
223 462
41 200
117 372
75 179
115 152
253 280
94 499
190 488
144 402
29 420
297 315
111 466
308 381
95 500
61 178
131 389
256 340
165 431
361 473
114 136
171 199
323 354
20 132
93 245
247 400
42 282
165 488
109 156
315 401
212 414
118 297
181 365
153 268
146 487
336 427
289 475
302 315
108 377
68 296
171 243
93 164
65 152
222 253
321 346
140 468
184 202
235 428
160 373
378 417
67 196
39 73
43 58
226 256
11 63
343 389
250 406
142 360
163 452
217 416
267 268
209 243
109 487
173 314
314 480
0 380
0 392
59 405
201 211
33 145
33 106
228 244
207 315
154 309
264 442
138 209
229 477
334 481
133 148
311 352
111 413
34 383
151 460
6 474
210 487
65 473
16 456
128 130
229 489
204 286
35 237
459 499
232 283
171 309
110 119
3 445
244 456
32 438
4 72
173 348
128 224
193 250
488 500
167 345
143 308
321 347
35 74
80 437
199 483
363 430
193 392
243 418
98 306
137 419
19 387
93 456
120 318
48 351
264 340
353 358
7 301
308 458
11 253
407 500
203 379
101 288
4 109
276 369
171 227
10 265
234 455
236 281
153 163
424 427
340 418
215 470
142 312
13 117
72 403
74 324
280 384
81 90
435 468
228 381
203 440
103 407
183 222
80 376
33 330
98 253
186 424
105 511
49 239
124 287
253 419
41 157
361 470
169 462
57 470
141 306
59 107
45 436
67 105
137 269
174 475
175 448
183 221
144 451
309 445
302 332
85 388
381 478
434 477
211 433
52 298
289 498
310 432
171 400
49 350
238 470
44 459
276 384
233 363
111 477
107 419
237 508
144 228
39 455
220 367
134 440
54 119
216 414
13 265
260 377
395 487
344 398
23 239
3 218
150 495
190 344
62 287
416 466
37 455
261 311
181 505
162 298
303 342
205 206
343 438
163 195
41 47
402 468
80 264
249 472
42 244
248 266
64 299
238 373
240 467
88 436
45 238
229 446
363 411
205 223
375 471
120 486
120 373
158 325
14 455
0 217
411 432
140 385
33 39
25 316
108 129
71 403
56 371
407 507
50 480
127 133
380 428
192 393
18 425
89 265
370 408
18 357
13 353
120 157
162 291
146 229
100 489
107 491
1 295
85 279
22 278
166 210
340 446
178 246
27 354
97 275
278 294
64 459
19 225
49 329
58 481
161 202
217 269
267 447
97 354
157 309
348 430
124 353
190 302
108 279
43 491
39 263
365 494
155 291
284 440
198 260
61 115
280 450
126 186
123 211
295 488
73 484
413 474
202 425
131 286
124 323
6 327
150 169
254 467
408 469
488 493
85 162
191 195
227 248
115 134
195 439
20 138
354 493
112 453
59 214
278 461
202 458
386 495
407 425
58 85
61 429
123 281
114 290
178 420
54 347
384 461
62 199
268 308
33 196
221 475
147 263
221 436
444 503
5 448
364 365
1 36
432 454
143 400
450 469
39 454
348 488
424 475
178 204
128 387
289 320
216 247
198 278
291 331
89 498
20 287
123 460
55 301
203 431
35 406
215 424
2 456
153 324
116 165
147 157
347 470
45 280
164 235
332 511
31 328
264 274
86 384
285 447
386 500
143 341
54 58
27 88
321 386
94 183
265 359
118 472
49 200
179 395
114 299
23 157
68 194
98 392
186 305
286 486
82 298
283 292
255 317
225 440
239 337
42 76
223 410
230 318
26 406
104 306
320 424
261 304
438 450
318 372
13 162
87 256
35 235
255 508
28 458
364 392
135 480
192 454
6 185
69 115
130 325
307 453
9 426
100 384
199 467
362 427
24 341
269 490
93 317
25 192
103 223
41 66
102 406
294 311
50 303
102 454
367 484
81 477
256 291
50 137
26 417
77 203
381 510
16 246
80 148
283 425
41 459
262 322
127 160
439 478
93 266
38 155
59 233
217 488
10 270
132 392
245 400
14 99
11 112
176 345
126 372
381 441
101 486
106 301
289 297
100 262
65 460
102 127
445 469
307 347
362 411
219 361
68 401
119 249
88 254
125 253
14 432
136 442
127 281
377 485
115 134
247 394
374 499
359 375
52 182
219 244
171 415
7 354
380 407
401 501
333 419
168 273
244 481
274 401
187 253
49 150
15 478
130 180
239 360
131 418
237 355
297 334
90 407
155 496
66 183
372 510
144 215
228 401
153 235
276 485
184 402
72 293
268 341
62 393
176 487
16 297
270 299
113 466
153 153
189 366
24 347
343 481
130 339
123 135
296 442
92 162
248 493
6 56
69 483
290 313
128 421
410 411
89 396
143 411
322 393
104 367
150 231
197 291
165 178
328 479
363 365
308 398
2 173
479 509
220 266
58 355
37 145
44 190
416 471
92 294
113 236
52 179
141 221
155 181
217 433
58 400
349 379
258 347
122 317
226 355
388 412
203 347
164 397
352 496
359 391
124 354
93 320
188 216
340 430
82 344
35 509
12 429
73 454
153 438
116 330
105 340
11 499
59 198
289 309
252 264
260 480
195 224
181 225
6 422
376 464
49 466
98 118
4 370
408 457
321 434
67 373
382 472
356 467
22 229
49 386
258 312
376 490
27 389
72 261
298 400
133 196
48 176
55 171
256 408
454 490
233 324
181 509
214 325
223 250
114 392
78 273
80 313
248 349
71 228
152 237
38 227
63 456
40 74
295 333
238 440
236 324
91 260
151 416
282 381
329 346
314 500
30 249
281 509
69 471
223 269
15 484
495 504
139 482
275 397
110 501
97 500
206 357
193 197
9 242
84 105
77 186
383 483
46 151
201 209
423 489
338 349
20 479
329 369
213 290
202 412
167 207
85 496
118 439
168 214
233 378
107 131
215 313
119 420
272 431
34 441
171 500
94 455
34 170
138 498
61 258
198 506
297 348
351 382
145 314
114 215
184 510
155 445
361 390
23 471
200 510
239 485
155 423
253 333
237 302
287 437
287 390
216 358
57 431
89 214
73 172
60 96
315 340
129 394
307 507
65 361
76 168
267 388
286 324
175 453
313 451
218 307
254 339
218 382
191 257
261 462
129 273
244 452
144 284
285 385
187 454
64 126
6 101
7 312
35 265
136 473
24 320
76 371
12 393
230 243
343 428
297 343
202 222
13 120
12 272
226 274
321 386
193 483
199 473
159 242
36 389
68 217
392 472
413 465
183 463
28 234
182 193
174 470
133 451
102 458
199 403
185 343
102 183
18 448
328 394
132 432
355 356
254 351
325 407
299 437
271 379
112 344
297 409
430 506
143 322
418 447
169 286
164 234
442 458
152 402
178 267
309 428
390 440
207 277
135 137
358 467
58 81
187 291
283 362
164 192
132 360
92 292
75 333
120 131
89 203
148 254
9 121
350 423
44 184
46 313
69 118
95 98
438 453
377 431
301 320
478 482
171 212
381 492
68 426
346 498
145 501
209 339
329 419
11 246
63 263
45 81
338 436
18 79
153 237
299 416
27 310
53 488
197 466
323 363
224 463
383 474
483 506
304 380
50 250
162 490
1 473
310 315
301 424
110 184
31 439
296 460
381 494
346 376
29 348
169 303
70 182
67 231
119 256
146 359
165 328
105 141
91 233
44 291
34 140
120 436
77 129
228 281
48 302
343 439
52 461
67 154
37 356
243 462
57 158
306 488
8 77
174 198
95 459
224 274
8 359
105 141
11 165
204 495
76 327
71 265
26 410
30 49
131 442
9 438
85 242
97 212
39 251
26 155
188 313
157 467
212 406
75 398
17 125
266 338
90 365
364 435
284 490
138 356
365 493
7 52
297 398
25 285
102 143
138 407
190 441
185 511
359 381
247 434
153 253
142 467
28 117
405 439
99 280
209 495
223 395
244 304
108 428
480 480
319 505
61 366
214 403
216 436
116 307
375 394
169 257
208 484
271 458
147 209
46 197
443 474
51 90
183 197
207 352
380 416
21 216
197 347
218 446
342 427
193 397
34 220
457 491
16 315
20 344
311 327
38 350
310 352
224 364
158 406
108 509
109 377
313 477
158 410
39 316
237 499
271 278
451 465
9 361
315 422
147 149
192 193
45 54
30 424
15 48
18 379
433 437
87 342
272 325
284 483
356 433
228 278
202 444
265 452
121 220
344 430
200 499
84 114
300 355
17 355
53 256
375 432
364 511
351 357
294 406
262 438
271 506
168 438
82 244
5 194
434 439
351 502
248 351
9 218
493 507
422 510
235 376
269 447
361 424
58 118
90 283
61 153
455 491
221 246
166 401
6 418
71 202
63 160
27 112
0 493
15 327
33 91
12 231
340 342
62 440
12 50
161 423
176 384
21 358
383 388
374 420
141 489
301 314
219 287
295 467
298 407
283 487
104 458
35 384
229 287
57 431
95 112
161 464
0 407
3 420
31 254
70 294
44 187
5 402
173 198
86 380
469 498
286 462
7 472
201 477
163 194
188 460
254 449
16 23
200 416
68 336
404 493
265 303
120 131
0 108
63 375
27 315
185 221
3 102
9 284
22 79
155 193
112 145
104 251
280 454
112 220
88 134
399 502
187 449
125 476
5 437
35 479
339 362
118 440
4 310
206 376
184 237
244 257
405 457
105 207
277 332
71 255
133 187
100 131
92 479
33 179
228 378
265 506
2 14
120 444
40 48
60 152
175 273
157 510
269 321
70 402
468 493
88 97
142 301
166 202
307 356
66 344
77 372
368 495
304 456
12 37
60 345
59 190
355 412
412 440
225 322
68 412
306 351
198 210
103 421
298 456
331 334
29 356
64 205
241 437
50 193
195 483
75 396
148 378
384 453
152 461
66 245
442 444
289 419
241 368
156 264
146 463
356 445
130 160
255 497
110 184
10 496
152 297
96 190
245 412
377 445
93 214
50 127
386 430
25 154
169 392
46 399
348 435
222 400
126 428
32 57
101 471
198 343
120 171
250 339
79 312
148 511
65 378
142 162
72 341
272 496
144 405
80 271
18 334
248 432
34 313
79 198
12 235
363 430
67 176
140 490
21 163
173 355
68 253
137 264
277 373
104 419
10 86
24 219
129 152
220 315
138 355
181 218
31 315
27 423
58 330
1 363
362 476
110 312
153 356
11 49
101 281
216 312
124 372
30 214
140 175
279 391
4 311
267 355
245 476
226 348
207 491
4 160
136 192
242 351
117 406
205 504
13 229
89 232
116 397
276 453
90 284
127 492
252 392
148 465
144 268
12 462
41 96
17 223
263 266
57 80
204 333
169 344
337 377
336 398
432 454
145 179
66 261
309 454
44 490
175 370
33 501
308 359
331 458
54 186
137 374
325 478
319 375
98 325
309 363
332 338
0 137
344 442
267 392
253 383
282 349
135 441
91 370
41 99
266 454
36 209
228 261
194 253
265 277
166 499
73 235
122 151
151 353
1 148
101 122
131 499
377 382
3 371
81 132
321 349
42 377
212 268
81 451
19 344
3 304
90 173
67 174
303 464
23 311
288 415
121 447
74 240
395 410
129 442
239 260
170 495
316 320
150 209
444 469
216 475
347 427
32 67
111 288
46 274
72 224
37 500
194 284
180 491
111 134
24 302
102 465
185 242
446 462
499 508
327 352
140 320
75 350
291 315
27 286
197 341
329 494
217 283
77 261
329 400
64 193
59 118
222 326
131 488
439 494
14 494
37 281
167 258
180 409
32 66
67 356
435 447
337 451
188 200
12 265
347 499
92 329
138 313
427 498
270 315
379 433
40 358
151 494
240 433
47 221
270 451
105 295
72 503
160 245
41 257
151 205
78 266
100 196
65 103
499 502
71 496
462 474
60 145
354 388
122 435
54 120
164 197
213 457
150 364
369 477
420 443
69 116
21 503
223 348
262 346
9 310
397 492
116 192
134 135
80 333
27 136
34 365
91 334
314 375
134 499
19 130
186 385
324 456
107 424
96 368
342 344
38 258
243 323
203 234
105 486
112 401
22 296
69 431
169 289
47 182
255 501
434 485
58 414
124 386
144 427
311 316
6 494
237 380
297 477
313 392
33 163
207 307
48 296
256 366
466 480
100 359
251 443
64 124
44 279
114 441
54 305
38 385
74 123
488 489
310 416
196 308
151 372
132 207
216 423
109 378
65 209
85 178
15 101
132 503
206 383
178 192
50 182
255 339
485 509
380 448
268 451
352 356
181 368
353 394
253 412
155 367
306 402
11 199
399 405
9 445
323 509
42 354
88 207
123 218
159 369
93 147
359 371
215 494
103 358
151 469
15 494
31 384
136 424
254 474
22 247
361 393
164 487
327 338
172 431
73 262
102 462
136 387
186 263
0 250
254 395
360 385
77 499
20 424
251 430
34 330
206 490
70 441
304 417
31 368
95 365
425 455
286 351
52 84
4 303
331 449
238 350
87 322
23 279
37 172
38 197
25 223
13 221
159 289
85 174
128 176
251 399
101 386
416 443
358 419
149 412
106 418
124 494
1 164
112 331
144 146
202 485
391 506
217 343
193 264
297 342
402 456
251 380
104 340
316 367
7 204
117 270
106 412
85 312
86 133
170 459
61 232
4 381
228 248
71 288
133 499
171 197
151 245
172 500
177 382
211 507
11 294
239 461
321 447
21 252
96 382
13 325
40 418
79 391
63 281
167 202
58 282
75 83
194 244
15 38
434 481
307 380
278 371
1 298
159 242
277 446
59 262
46 114
48 174
307 490
196 394
31 405
143 420
335 468
509 510
117 364
67 381
382 453
362 492
182 367
296 335
19 83
205 430
237 431
162 452
16 440
355 493
164 323
39 330
146 470
155 473
248 500
66 310
224 228
50 390
33 240
25 99
121 321
192 504
155 303
284 473
254 466
77 308
294 379
148 184
229 383
106 317
159 346
166 490
72 292
225 234
39 413
66 259
118 308
349 407
126 297
75 353
90 163
97 351
114 456
97 257
216 360
290 330
252 495
208 360
15 418
28 194
209 386
18 439
243 418
286 424
18 364
364 474
68 398
45 257
187 356
1 86
413 447
120 295
41 59
133 175
13 408
348 399
82 400
129 335
381 436
289 505
209 490
275 359
226 440
41 53
252 468
282 285
46 439
149 503
78 448
5 343
149 430
133 172
78 378
39 78
330 371
230 367
304 460
18 508
27 410
251 278
13 505
112 160
355 511
232 412
241 350
331 508
330 382
175 246
290 483
265 454
178 269
76 385
150 478
227 282
106 266
302 368
126 370
74 92
132 408
161 491
14 130
94 261
174 470
2 208
114 362
281 502
285 286
86 349
248 451
42 138
130 132
350 363
111 238
357 407
282 346
31 402
365 420
125 334
181 506
218 387
19 381
72 166
85 306
258 317
174 275
132 405
66 282
285 429
273 281
166 394
446 506
243 402
76 504
129 221
144 337
37 274
379 485
88 254
111 166
12 358
96 146
175 250
403 464
75 180
128 372
41 138
127 152
320 376
271 277
56 137
377 439
150 215
145 356
1 368
389 447
67 90
4 364
280 316
53 155
52 385
18 481
93 486
375 463
254 322
266 484
420 496
158 187
170 321
281 411
331 426
471 496
164 284
13 419
306 317
101 434
105 412
296 505
121 206
298 304
123 426
27 105
255 368
210 233
166 306
128 368
91 399
279 392
427 499
23 381
28 358
120 280
229 254
170 212
6 292
21 289
422 462
268 339
156 418
66 189
77 209
174 236
225 380
285 431
84 110
109 221
374 487
348 388
79 354
79 140
80 207
76 131
27 102
209 404
354 503
4 477
416 475
83 292
39 244
136 472
164 456
38 281
27 241
140 510
331 449
7 258
198 364
285 309
226 339
101 372
112 390
39 252
438 508
149 507
336 401
46 242
182 277
46 54
130 430
11 24
260 468
31 468
176 259
219 355
93 409
45 272
39 252
175 374
398 507
12 485
412 449
240 242
65 229
30 262
45 422
395 446
191 256
61 316
439 458
259 501
250 375
431 433
108 455
9 445
42 488
235 411
7 202
73 364
111 281
126 447
133 490
9 383
129 474
35 328
237 395
82 181
412 483
105 109
143 342
79 285
52 279
220 331
290 430
144 293
161 510
229 473
35 171
51 54
274 291
95 273
432 468
11 172
33 448
43 165
284 471
96 410
329 470
480 482
411 469
363 489
290 501
412 437
225 243
222 254
13 137
211 472
77 391
380 454
244 408
119 387
352 409
232 328
399 505
242 432
119 228
243 480
332 496
53 347
130 435
92 234
123 355
237 478
130 296
30 54
315 365
451 476
158 334
237 346
6 426
45 305
97 370
256 364
318 344
126 127
276 336
8 43
117 350
377 419
14 360
253 440
62 450
27 95
17 444
17 159
50 430
335 404
266 447
187 247
191 368
405 428
361 380
213 311
176 392
297 311
236 360
254 430
349 395
8 406
112 488
157 432
27 395
413 428
106 302
177 485
161 168
3 325
128 172
71 323
87 115
347 422
109 235
416 462
179 504
212 446
168 378
343 362
217 349
72 218
179 255
51 244
475 505
44 321
257 375
142 313
83 228
292 369
290 432
247 358
102 268
198 384
366 420
278 430
371 445
263 377
222 415
103 391
33 506
26 490
29 64
369 419
61 384
148 359
117 249
252 411
139 205
312 428
281 330
266 368
218 321
217 278
60 335
237 330
6 84
320 341
201 511
287 381
141 460
149 163
79 456
244 376
43 122
154 264
183 238
129 447
234 421
8 378
120 291
393 437
89 342
340 380
44 149
208 328
122 486
150 342
157 503
80 456
147 255
395 495
318 379
384 499
227 510
65 219
316 487
67 407
321 357
185 451
249 418
184 304
87 134
303 458
370 443
264 418
499 502
67 389
147 155
162 432
6 498
224 322
243 472
59 428
193 256
130 191
6 272
62 318
460 463
149 225
181 371
401 455
13 21
60 495
297 380
41 96
15 207
68 138
184 185
372 489
86 357
138 461
143 417
2 46
317 417
72 159
213 498
251 455
203 407
129 446
40 328
122 441
318 375
72 124
11 273
21 351
5 394
82 261
288 450
138 325
73 410
394 491
322 349
146 489
216 474
66 243
228 275
177 334
143 250
266 309
138 188
354 487
15 296
488 501
24 174
160 413
158 242
277 462
118 263
22 86
89 336
372 392
320 379
73 303
11 98
381 381
97 150
398 449
174 383
288 298
45 235
127 277
292 437
260 360
70 299
152 360
396 511
322 491
343 400
93 354
220 220
24 359
9 293
52 398
35 231
69 498
78 186
167 247
218 291
75 343
312 417
67 237
209 381
36 194
399 497
432 510
257 460
178 296
401 465
339 495
8 132
101 479
1 460
83 418
485 510
455 459
39 93
86 503
87 170
202 306
300 353
52 144
274 382
489 496
40 501
100 447
32 226
237 349
38 185
145 441
7 284
372 387
172 332
27 334
117 371
114 211
231 463
415 506
266 287
271 315
44 133
99 106
213 493
203 295
98 252
298 323
27 46
362 391
255 344
259 400
22 404
99 339
47 136
68 314
378 457
56 246
191 455
215 506
252 409
176 415
415 465
220 305
11 421
17 52
33 73
319 392
227 492
71 287
25 360
228 491
84 232
68 162
137 489
275 276
0 174
151 192
86 502
16 225
175 387
99 498
375 510
170 278
125 453
105 419
329 492
38 261
324 369
143 316
68 186
111 485
16 52
22 451
189 457
194 370
403 485
131 294
119 374
60 114
286 333
160 435
94 444
257 399
164 262
128 216
194 322
258 493
295 452
73 183
11 46
84 350
240 500
272 360
469 490
318 409
130 397
406 422
97 317
26 28
253 304
55 75
161 448
43 150
194 237
130 172
258 475
33 411
86 113
73 288
183 203
225 511
164 200
236 267
96 364
144 168
142 444
185 412
299 434
297 460
104 278
174 397
49 142
123 133
229 245
319 373
379 505
349 394
109 285
123 225
50 230
9 202
53 210
310 421
430 466
242 368
177 452
2 282
87 312
85 126
25 191
410 462
108 154
210 448
69 192
7 176
120 319
67 426
12 179
131 158
303 445
253 470
217 505
318 348
230 382
227 336
401 433
7 111
244 278
428 437
209 397
33 451
295 304
152 174
91 235
167 175
425 452
380 498
412 489
251 305
63 486
291 294
110 393
177 388
350 380
420 473
71 483
135 386
270 429
50 157
344 445
116 186
155 173
384 386
123 490
35 254
273 471
11 264
128 167
88 236
357 402
169 407
101 279
187 508
148 209
31 276
331 366
93 416
20 269
31 481
482 510
439 482
91 475
45 472
25 272
185 499
172 469
79 382
258 305
127 435
27 79
42 97
34 82
238 368
120 310
149 273
74 378
200 238
173 475
37 175
129 449
250 470
220 297
82 195
316 371
287 511
316 410
131 285
94 223
42 299
35 305
138 426
160 285
270 301
162 218
338 388
142 164
55 227
57 186
278 316
321 347
413 473
201 357
342 469
133 496
333 495
189 488
191 327
250 508
77 265
435 484
309 345
2 173
45 58
220 425
263 331
237 289
115 320
340 465
88 424
364 377
415 481
166 293
394 505
10 61
246 460
206 321
189 376
240 352
198 487
269 389
68 186
244 256
245 429
37 395
300 376
445 465
70 240
3 291
58 79
177 214
1 115
59 430
7 150
82 302
332 429
401 414
160 246
328 489
56 60
213 350
194 293
1 223
307 398
250 321
362 391
18 426
2 72
139 338
43 493
299 406
284 354
314 452
229 392
180 463
212 404
257 457
10 247
257 266
413 496
50 332
120 246
74 324
45 432
256 325
1 315
341 413
136 302
51 423
59 124
192 380
204 270
55 264
398 501
67 252
52 222
255 443
88 435
211 370
22 376
119 452
269 347
10 358
115 444
144 163
342 479
41 84
228 362
229 369
74 130
286 292
198 449
12 384
155 170
145 469
118 243
8 56
104 305
3 218
161 475
198 382
25 280
165 351
219 411
180 490
30 330
366 440
229 356
107 221
220 290
147 391
271 406
85 447
207 340
32 187
422 469
198 411
371 473
116 129
117 301
199 242
244 253
104 212
63 334
241 404
338 394
105 356
21 456
272 339
271 431
444 457
173 313
50 277
141 335
332 368
276 461
45 75
149 250
337 469
272 478
172 380
12 348
180 456
7 371
214 272
261 428
212 279
88 312
343 395
23 431
242 269
164 329
202 440
204 452
244 318
5 22
126 226
156 337
21 226
15 269
492 506
16 217
444 481
302 327
80 323
179 327
259 405
96 106
79 126
159 366
41 267
127 264
146 316
123 449
219 464
216 441
361 427
15 161
168 355
71 285
7 191
366 420
75 293
48 352
184 263
293 434
40 132
234 340
141 156
262 362
0 146
29 314
282 390
353 440
157 170
203 489
8 470
84 399
172 469
258 379
393 499
230 345
373 487
171 275
85 435
9 10
202 432
448 499
190 252
273 282
22 309
235 489
266 413
27 138
308 447
289 493
329 442
170 261
33 465
234 303
178 375
190 320
0 326
48 120
476 494
110 326
267 422
100 224
57 142
99 268
56 400
414 505
92 199
82 460
128 465
113 417
223 437
94 168
120 366
90 392
63 276
377 387
111 477
182 341
380 438
161 376
319 401
303 383
184 210
291 314
196 213
119 485
9 448
196 294
28 111
489 494
38 399
303 424
6 82
157 300
248 420
354 478
191 282
169 313
186 511
122 386
64 418
19 291
223 352
91 147
12 400
260 488
116 506
259 418
200 373
111 442
193 267
343 431
35 164
192 295
28 265
242 497
165 233
134 291
69 362
123 346
457 485
130 294
16 430
88 488
166 281
221 241
126 474
135 259
316 468
26 250
43 362
81 171
64 193
9 161
51 461
164 223
74 127
54 505
227 420
226 232
91 274
354 393
481 487
80 425
53 112
147 498
235 510
296 298
192 283
82 432
218 317
272 273
4 292
346 430
210 270
51 67
395 440
5 436
201 434
49 181
253 411
300 371
92 422
47 410
319 444
62 107
103 129
188 203
61 483
19 270
180 283
226 300
421 492
8 479
41 427
53 128
71 319
289 511
104 419
184 331
281 391
234 378
323 459
189 254
365 380
206 369
90 499
308 440
449 500
348 482
155 271
71 331
230 392
26 432
105 277
249 498
260 357
36 61
129 241
12 475
238 335
332 487
51 151
193 449
247 353
157 234
153 176
138 199
34 269
314 402
221 452
114 423
375 394
151 169
68 189
84 423
23 226
150 335
216 403
318 348
338 391
184 193
120 364
26 248
441 479
393 481
127 422
277 484
251 418
71 101
297 394
321 385
339 444
192 364
0 456
42 403
163 358
66 142
149 293
263 282
13 67
124 311
34 80
342 428
309 377
360 502
61 112
103 217
219 468
6 133
155 265
85 117
11 423
72 159
29 315
156 175
91 131
14 278
302 332
233 494
254 463
163 459
287 380
168 248
203 373
365 384
165 319
313 380
195 229
59 165
128 407
45 51
271 313
104 179
226 454
69 127
271 312
70 388
224 354
506 510
168 182
348 362
70 132
161 389
261 276
195 494
321 444
130 412
25 324
107 370
123 176
56 274
118 327
132 269
96 500
363 486
287 501
258 270
399 432
208 297
237 367
330 349
273 380
268 486
15 344
315 418
1 82
150 445
10 415
291 365
351 385
94 380
141 379
112 314
283 378
33 298
265 421
226 450
401 429
2 502
15 309
155 180
239 273
365 464
6 197
284 317
99 207
236 436
331 397
369 401
37 271
360 371
28 388
116 257
176 237
406 511
50 457
374 431
313 397
238 386
338 347
68 402
66 429
353 467
1 386
160 379
119 351
323 350
157 486
119 291
70 485
181 443
487 490
161 473
201 421
31 55
220 408
392 448
363 406
54 198
245 343
81 100
34 137
5 345
215 412
44 157
410 440
92 451
168 445
143 270
385 480
258 488
174 343
85 121
76 491
26 240
366 491
289 415
379 470
121 293
56 507
102 108
128 408
218 228
31 299
22 451
57 402
237 336
295 378
3 479
73 190
60 474
313 434
149 465
73 401
109 298
150 503
31 316
13 305
381 391
79 82
84 160
313 420
146 283
127 190
84 259
409 491
45 167
383 422
137 202
56 89
247 345
153 484
119 449
94 207
37 290
40 266
380 390
181 323
99 209
7 156
299 509
57 170
4 385
51 308
410 458
338 408
52 90
71 460
94 264
439 495
142 375
38 413
79 372
286 301
178 418
48 441
120 454
21 148
326 392
71 201
168 437
20 118
68 219
223 390
190 467
0 82
163 170
283 364
240 425
436 492
48 147
249 412
386 436
227 435
58 242
163 164
297 412
29 282
33 158
349 396
0 412
7 246
136 464
54 395
199 394
267 399
153 319
67 223
302 420
136 450
97 342
1 300
404 501
194 510
56 401
106 124
273 273
303 473
279 351
277 430
72 390
45 166
62 505
55 510
171 381
139 408
28 332
27 383
304 381
329 440
183 401
12 258
162 376
42 216
243 504
25 510
81 320
261 386
351 409
56 411
108 303
308 452
49 159
273 393
72 188
89 232
465 493
229 406
376 422
293 343
399 403
44 381
164 230
166 473
6 197
35 92
94 327
208 414
203 408
32 291
257 495
144 190
206 351
38 393
158 181
301 394
110 145
41 489
9 152
375 454
270 342
373 483
256 323
47 285
244 462
253 256
93 95
125 243
168 221
25 117
135 200
146 255
146 315
99 356
433 497
245 355
382 468
88 313
67 78
172 399
171 291
289 484
274 502
114 365
188 379
180 484
168 290
10 204
373 490
100 241
286 320
72 228
14 393
77 124
280 507
65 193
200 209
420 498
95 408
15 22
283 488
179 207
6 287
252 452
187 306
388 475
340 469
264 362
90 284
326 415
322 327
27 126
7 415
117 428
202 464
20 36
116 377
91 158
153 324
401 404
177 427
30 170
215 496
392 405
58 469
266 296
212 373
18 134
139 158
477 493
86 409
302 325
264 502
461 471
218 241
45 406
67 248
120 370
153 468
131 392
317 385
204 215
31 419
14 348
375 398
33 125
147 495
58 308
96 161
77 486
113 494
185 356
1 196
77 416
86 289
288 312
65 252
221 303
301 426
106 274
130 437
21 276
108 239
73 282
198 402
225 457
189 375
57 220
100 102
168 424
285 498
176 458
98 271
290 392
80 311
338 471
38 264
72 80
101 251
115 428
39 426
25 79
57 235
8 49
202 299
382 501
181 345
150 505
106 508
149 269
14 169
376 469
169 308
115 116
85 303
212 328
130 180
115 340
278 463
291 410
78 281
167 295
56 433
73 184
124 131
29 70
170 391
167 490
125 501
139 387
419 496
67 131
13 212
186 419
3 376
43 256
236 507
86 169
59 409
65 66
325 486
190 242
373 377
132 502
36 389
153 391
445 486
193 194
54 163
424 509
28 165
247 452
122 259
3 232
182 396
24 223
168 168
40 330
135 315
455 490
66 236
396 463
310 499
62 77
365 378
69 123
105 313
266 452
175 337
425 462
255 488
331 505
114 248
128 131
131 277
92 501
208 339
255 324
345 488
316 329
291 322
166 172
78 471
195 335
161 417
49 350
17 20
28 429
146 399
360 475
244 257
28 440
4 403
120 301
104 192
43 279
64 160
340 351
149 351
162 323
161 462
165 501
119 447
316 327
185 459
91 155
44 232
115 116
191 462
304 505
132 252
167 220
56 319
146 218
35 56
65 375
307 462
194 340
159 191
403 477
175 314
89 276
185 408
426 431
133 422
236 308
77 283
369 502
379 458
244 420
369 484
303 425
98 157
100 322
19 357
224 391
65 335
55 126
225 475
282 468
22 258
174 283
343 416
183 311
330 455
341 444
96 323
308 353
66 228
352 439
1 180
259 492
450 505
139 223
420 465
20 260
310 385
118 505
342 460
361 391
408 418
24 341
409 484
68 506
398 445
293 500
13 114
341 495
338 485
163 225
64 217
310 423
278 320
118 469
38 199
91 426
73 483
121 401
19 170
223 462
147 163
126 211
150 207
128 333
218 407
93 96
219 269
17 202
482 499
7 442
143 324
256 330
162 238
161 373
270 402
298 495
27 144
120 240
92 98
292 357
66 282
21 206
306 342
311 330
315 425
204 462
116 152
90 164
154 353
117 348
173 455
187 241
278 420
185 487
209 510
103 400
205 412
186 205
335 461
87 484
28 224
99 226
206 443
37 214
257 438
17 401
390 396
262 417
135 287
107 240
304 306
384 418
5 469
13 280
67 377
66 244
61 212
435 481
38 413
220 290
165 202
226 491
14 49
379 454
146 478
242 390
193 448
193 282
156 450
203 458
198 201
290 304
242 335
45 114
38 226
316 445
53 237
42 254
153 425
395 413
341 367
99 414
316 420
224 465
158 250
163 166
197 442
64 154
191 310
40 116
239 405
249 272
226 467
42 471
16 41
66 286
403 463
277 429
405 438
18 130
129 471
83 179
194 324
11 71
25 288
203 286
7 223
143 448
113 309
177 440
67 196
126 148
419 473
33 247
376 419
279 357
132 493
65 318
375 410
116 295
365 402
152 368
81 134
115 419
101 217
173 503
336 441
288 306
176 337
291 434
95 231
472 494
7 10
96 260
250 259
413 506
245 435
148 324
259 287
194 333
188 291
64 429
244 287
118 375
20 233
41 107
2 412
17 248
406 446
14 228
144 385
50 63
446 475
53 280
48 97
86 490
44 485
104 110
23 491
237 343
62 152
40 247
153 238
230 336
53 158
24 368
135 371
257 470
121 334
50 192
314 458
69 128
29 439
363 464
111 169
179 478
423 484
278 325
196 397
156 399
228 429
166 186
282 323
288 414
87 340
174 511
93 273
0 427
216 406
89 220
223 346
92 262
6 427
395 451
6 101
196 219
155 185
372 428
384 399
9 286
127 291
63 198
122 443
67 486
133 435
49 355
351 394
100 102
274 309
262 467
143 440
36 424
124 317
345 491
11 90
218 425
16 478
69 471
286 484
507 511
91 413
337 352
63 412
319 444
338 372
254 446
144 223
142 509
16 471
120 130
84 421
144 219
217 493
4 141
106 284
127 190
92 335
154 343
308 423
4 212
18 350
460 481
203 509
91 394
363 401
34 347
24 395
435 501
74 346
38 273
97 263
342 419
435 471
51 65
153 401
361 497
419 450
238 366
42 465
24 50
69 269
181 323
113 239
5 505
434 482
208 407
353 380
64 505
185 379
213 278
157 234
167 428
221 327
24 357
157 497
13 344
23 72
186 346
117 405
78 492
305 476
142 448
145 443
54 94
119 311
66 323
186 294
220 236
161 494
267 422
224 307
222 412
261 401
467 489
85 253
170 245
231 499
333 456
187 303
95 282
336 408
162 476
35 130
89 509
253 430
137 464
77 166
287 468
291 492
53 72
417 438
62 354
39 251
24 48
51 57
116 476
154 183
269 378
287 421
147 510
81 215
36 311
355 422
38 440
65 75
292 354
296 418
16 109
0 453
367 428
38 241
298 360
42 222
98 125
442 448
297 508
64 440
120 181
465 486
128 440
385 419
339 414
319 384
281 373
402 481
72 382
179 326
48 250
20 436
213 492
470 511
169 399
134 151
370 384
116 312
92 466
341 480
28 444
58 277
31 468
206 365
478 479
34 91
101 204
87 193
122 145
221 436
105 387
307 475
262 508
238 388
116 139
267 495
55 301
116 354
107 245
6 457
54 63
304 346
53 68
279 354
384 445
132 234
82 392
18 219
114 406
57 235
160 265
317 461
69 85
98 466
6 278
103 430
194 494
390 469
52 368
119 334
76 438
190 399
83 401
13 403
34 332
158 365
88 105
233 276
10 375
253 309
268 464
101 272
256 464
55 449
290 428
223 262
195 260
384 474
159 173
300 485
78 190
282 360
6 50
117 373
138 419
218 410
141 494
79 291
58 368
281 444
149 467
119 231
454 507
11 499
106 381
183 249
157 402
182 301
198 293
187 484
180 360
119 120
68 173
57 246
108 402
324 415
20 119
109 352
294 471
69 432
54 262
411 437
115 132
183 338
120 250
204 212
31 258
70 204
332 339
43 260
290 385
229 439
390 448
385 472
45 352
77 491
263 290
56 194
262 382
269 412
74 483
184 186
33 245
234 489
125 370
350 453
77 460
219 292
18 238
369 424
160 227
253 467
45 53
77 405
69 139
13 427
276 510
52 189
18 470
341 401
313 484
93 304
349 455
443 488
193 440
228 485
88 417
449 450
121 400
28 409
75 375
70 71
21 134
132 422
12 359
107 237
171 178
46 58
103 294
92 110
198 443
12 181
57 157
129 382
165 286
71 286
377 434
448 479
89 382
75 252
227 368
442 508
315 333
176 249
194 442
360 501
186 295
383 459
272 332
197 289
50 241
50 499
16 358
19 324
35 303
400 505
192 369
35 316
420 422
174 422
127 196
298 507
196 246
1 418
353 428
301 307
134 328
13 56
269 308
0 359
143 343
23 162
236 463
228 323
110 286
70 457
71 176
172 249
141 300
166 283
145 162
5 165
247 468
192 453
103 413
151 256
320 378
113 511
93 508
257 510
18 194
356 503
288 295
396 478
314 454
66 225
73 130
189 196
368 460
307 447
291 462
87 104
15 415
278 489
443 474
11 104
280 317
67 267
388 475
120 324
187 200
23 221
102 235
112 184
134 194
177 253
367 475
82 407
19 272
151 302
150 305
182 337
170 271
110 275
14 411
131 207
161 213
195 357
248 404
170 239
191 196
195 381
79 436
284 366
164 394
45 229
387 411
146 502
40 461
51 197
85 280
411 486
80 389
220 273
154 444
224 510
394 473
195 386
44 146
60 155
22 366
145 399
225 353
65 486
73 434
24 357
59 434
208 469
41 100
408 453
106 152
352 453
137 503
111 345
176 456
129 145
264 510
275 458
369 481
146 292
106 366
41 326
291 375
57 290
16 119
407 477
8 200
20 378
178 406
146 439
241 337
38 407
184 409
297 336
81 169
8 394
356 457
179 476
231 475
48 476
98 436
6 237
105 328
497 506
37 283
42 293
209 349
40 86
26 297
331 466
86 490
400 464
28 472
65 263
251 261
102 164
121 308
70 345
231 403
250 306
445 482
438 469
135 256
252 317
18 292
71 220
4 466
18 298
232 486
190 496
104 117
110 122
207 438
48 419
71 278
146 236
226 325
191 442
161 308
34 479
312 456
13 338
210 433
12 152
15 26
163 214
78 258
91 465
26 62
250 318
401 494
174 231
139 394
31 85
120 448
301 392
62 372
130 284
99 136
144 445
3 196
496 505
80 143
78 392
200 261
429 468
227 309
285 507
315 392
72 142
398 460
237 402
166 226
77 359
154 213
220 313
177 439
112 416
147 308
258 340
238 393
129 504
431 497
150 353
418 446
26 473
44 499
235 280
135 270
60 225
137 419
27 208
156 397
209 328
86 415
82 130
55 380
325 504
239 450
218 511
324 486
44 65
5 11
143 508
32 57
57 124
33 385
44 45
85 150
56 197
431 477
16 376
144 365
383 476
25 336
309 400
244 443
42 362
286 361
149 409
103 333
176 365
209 296
219 315
45 145
297 341
39 408
329 464
410 470
12 425
240 426
16 364
437 507
446 510
130 189
251 316
303 323
156 511
28 464
112 257
267 492
302 372
172 393
304 426
4 453
294 336
208 448
254 322
153 266
84 97
29 240
155 307
438 496
219 242
16 456
160 230
260 502
140 396
492 502
0 39
233 385
156 308
29 503
300 328
26 193
59 384
143 219
174 481
283 322
134 314
244 273
50 322
343 439
357 466
406 421
79 159
367 389
95 127
71 71
28 112
97 169
172 352
48 233
41 120
62 317
272 389
436 437
153 265
231 484
322 326
373 391
14 213
149 401
11 19
257 329
336 382
477 492
9 79
4 477
384 442
184 377
148 420
262 331
289 399
185 191
124 369
216 485
132 206
309 495
11 269
268 294
331 396
364 507
53 159
31 81
170 389
269 378
361 461
1 384
190 347
28 298
84 437
359 454
296 413
66 457
27 345
162 214
33 461
16 431
61 453
92 209
341 412
210 357
4 175
73 282
9 206
223 262
46 277
430 496
434 507
160 322
244 321
147 166
212 320
314 427
19 137
286 398
26 177
137 150
34 314
107 181
83 433
118 218
403 509
142 224
121 173
174 415
300 387
366 411
145 341
163 403
328 417
129 337
352 440
231 452
7 250
72 334
223 363
9 315
170 483
262 263
97 115
440 500
168 500
223 410
124 285
19 388
157 252
9 30
93 126
156 433
51 492
9 402
245 300
175 395
35 249
184 437
36 171
352 371
68 407
178 393
141 318
428 470
259 371
46 220
344 497
306 396
28 449
268 478
177 270
43 318
287 371
363 384
63 214
64 167
220 416
355 406
183 385
9 69
448 449
