511
423299116 125156119 88759260 341540658 213960070 912376021 408847097 610496044 862492501 929869682 678224030 602481612 144643185 213758211 855993123 698884981 414304159 88324451 486529582 809605058 244933686 834637382 163156351 152366164 924638558 216497390 286719353 553132680 466922894 443778496 487670891 630188936 305830699 770085135 416679418 279501305 420407094 50254554 188729322 711023539 9987182 790136389 110559942 312291646 876782675 399658898 679055448 547758285 608030012 673419144 314716599 609374453 289845574 177711603 686135119 535298575 677274107 335412449 405970211 503268538 59654545 835067039 739868462 238589870 781773494 789175 674296082 290338364 861884587 249611628 472124765 924972099 900391637 550765322 967616372 18337774 934855635 55931121 641768401 576828486 159459919 737870491 160334763 725929544 244396466 902077337 982512800 684894822 190288947 939072054 930154374 190578135 322335942 357457618 976211560 694794963 412047090 524111981 211727097 308472729 854984600 835081933 493280193 180850319 806412805 986359191 291097052 329794585 626332150 255993045 501171574 301822284 234873472 835515191 614542789 104267228 775841363 11085256 26236458 912624924 975203471 998011433 328651062 994763064 348626927 170585799 122940331 196924021 773931079 30932047 569448672 961159368 253237331 124658731 24769295 154384513 533180074 595901028 565157140 80323768 277567913 21926627 583696774 398510231 787200181 221223298 15488621 756208409 944024894 746064571 838353791 600978221 582064211 684742163 427049623 548448278 860888688 627028085 135861130 931419243 690538986 46194846 829018190 358081165 73371362 919378596 516297349 348463336 178927567 188899144 615318314 424846647 256884744 855775097 838138557 635305392 997818816 299606085 966702623 49839604 377050352 937016666 642286677 799897660 438717148 187175920 26079360 341331635 538969543 197639195 933833039 780300891 686905773 518004684 918219826 398122186 39089566 871305396 948220366 45238023 648597952 821177525 661198719 271431787 878005645 905388986 506256921 209479059 224915799 70262259 483674390 285553702 672896366 725233319 243038899 926009962 94083702 121892036 857735485 911613867 529132505 559979351 175308899 957440638 714713329 176839721 498258362 475752410 659972724 393302000 200737115 702135962 304828849 106672263 36265059 867412719 615313433 495405931 170861865 211233015 209793735 161940813 341900914 838928895 888079080 881043868 987965781 806085389 820877139 761063999 38929605 669126823 869055187 479581454 66187313 262680443 587159635 165380871 233961075 985209220 163661669 420793711 696722735 400475861 711376242 924037795 183490276 568681459 408362300 42935261 738996442 456275163 797767095 710437236 431629030 716106805 333011699 287023230 709476755 766770212 961776134 950488216 36258865 150569562 510611096 481165889 478759589 736511364 67016291 865293910 167805171 704090384 452132940 350527170 182298794 974383915 750600497 263731095 855542956 855164652 500617253 882666528 794808204 181913071 823664368 885191106 960916935 366255035 765842699 248151452 82313687 628314925 679267515 251721428 264529787 127608365 39945911 271455470 820499540 36831298 132312436 640109902 209974307 834710362 94218738 384787524 482785988 283131393 300143994 828463703 513064034 823490454 284434310 786619324 641539229 155064328 38310895 24680352 480206051 1979182 295848305 305976413 292715908 246119966 950077181 379907286 684059031 392361334 191791797 716044321 32313987 263836700 75930233 562086850 352313105 516693042 509186703 880537335 912950256 207020559 729376477 900629896 838951432 596746028 184845254 123470425 334956253 383958031 996125418 161059256 867936819 484742640 912671603 88856658 979476909 621663284 550973537 556006900 242104392 671611960 342631919 478730432 966610050 221332744 634119323 89431856 966545712 561032962 465735936 224044588 600056924 226961927 105672416 59267858 501017970 813487196 16699391 364032802 53422788 663922323 234009096 96516356 608080449 989688081 283622679 822221194 762762402 664446538 334371742 852271532 840184715 528007703 405042423 114298145 779254230 653718693 350139003 170650587 246735188 826789764 122704841 399201151 931959828 450157670 283088556 305685109 368640129 159514309 685827329 875779939 702004722 799414747 4274627 969829226 16592159 732601660 858323766 946991650 597929032 605635232 792566066 79630970 875843539 87970091 129741593 409030035 295943595 928105897 590255563 718323144 755044684 259290398 596735116 698934637 834412446 58272113 33873348 172260806 488197131 589010771 664907974 562678186 257142043 796225231 195075821 678492329 257930700 34753733 223014300 929980429 463045655 340263875 506548024 502676764 111836303 635515554 183108428 842905157 512310611 987861135 639889572 185122231 199339876 388702542 783570399 217147790 907967370 71004578 7351592 591671941 559373662 949804530 410824438 281695359 611494396 944911151 383031742 914770681 180501435 120281662 33698988 324758657 749835012 497199766 247889146 224131115 534947104 597121578 671733517 616786885 847844452
10000
222 254
113 206
431 481
51 467
243 406
108 280
315 492
86 301
264 271
281 365
160 450
341 441
69 291
379 435
0 357
30 47
271 434
10 14
58 393
26 322
337 479
146 201
348 354
87 383
113 248
366 421
167 456
142 285
189 277
132 330
55 264
71 487
301 495
168 238
29 480
155 274
260 394
55 243
216 477
264 408
55 68
246 483
93 359
27 83
192 474
189 381
56 362
435 455
76 278
155 355
14 72
0 163
118 220
53 196
217 246
25 255
142 253
91 188
289 461
77 116
9 24
73 418
12 208
411 470
7 468
168 233
363 430
103 500
41 232
314 497
312 373
245 308
24 476
10 140
103 453
247 350
24 364
290 351
416 506
444 493
137 373
83 381
0 332
25 139
48 336
260 347
173 349
53 241
149 327
191 367
456 463
81 452
331 504
441 458
3 291
96 242
120 452
276 436
117 488
23 199
67 433
191 321
4 35
106 494
348 419
267 287
230 424
53 117
30 249
211 398
80 318
9 504
35 86
176 310
77 506
335 371
123 206
32 338
173 280
106 459
91 485
151 174
99 347
436 454
86 242
99 451
21 390
47 483
137 338
354 506
147 254
347 424
89 153
40 404
92 301
261 282
267 499
139 488
193 262
191 316
168 375
134 198
83 191
68 172
294 347
128 254
175 335
23 114
4 215
131 328
1 391
59 493
236 316
371 406
15 281
52 468
42 257
493 496
118 456
150 254
242 353
407 461
245 261
433 464
190 243
15 385
81 259
10 244
125 321
51 422
184 436
335 361
80 215
31 470
216 326
103 445
194 210
181 354
378 445
187 356
15 238
331 455
178 430
365 448
40 278
24 83
249 345
255 409
15 69
209 362
53 182
202 273
188 255
441 500
317 333
233 407
160 349
370 455
189 449
10 319
283 365
186 253
152 452
103 317
46 479
145 258
67 77
91 407
202 372
256 372
263 287
220 302
102 241
396 507
228 357
80 278
127 161
230 456
178 333
134 250
106 243
16 241
407 440
430 452
29 409
292 458
264 280
196 398
167 382
180 420
43 370
423 465
82 187
38 283
80 408
88 279
54 164
55 171
120 456
314 438
165 284
184 297
172 419
166 262
260 463
4 176
188 333
130 416
292 483
404 484
104 191
249 485
218 319
249 449
241 500
152 341
195 408
185 506
26 229
170 471
344 412
10 177
413 452
160 390
50 442
74 272
277 412
148 431
47 271
24 163
413 469
209 307
205 210
73 204
329 359
135 152
74 235
25 490
325 406
179 230
71 220
65 214
104 503
10 386
366 510
181 309
452 466
244 501
126 327
244 461
401 408
29 335
289 378
240 427
335 354
137 163
109 369
291 455
99 286
161 268
387 470
40 238
295 335
52 64
108 361
79 275
185 376
205 235
45 421
85 450
59 129
228 337
63 99
203 498
257 294
221 387
41 389
191 451
154 200
138 274
8 15
72 177
361 386
80 86
23 338
157 226
282 315
81 456
31 122
81 180
63 268
133 278
21 221
327 366
75 301
208 509
32 180
182 183
271 494
325 329
28 200
306 398
349 495
134 414
309 380
28 486
20 401
315 509
98 307
51 70
323 332
227 500
146 165
298 425
39 78
440 502
107 473
11 451
272 444
85 489
189 450
154 258
104 410
5 82
359 397
63 379
81 264
121 155
9 485
271 373
88 284
330 353
144 154
215 359
275 491
2 401
75 184
62 410
16 77
204 413
201 302
227 464
201 495
9 303
101 112
60 71
313 442
146 270
356 465
333 349
291 305
76 96
140 149
179 335
229 432
251 298
80 405
135 409
375 474
33 148
2 152
30 425
237 331
120 246
450 495
316 342
312 400
222 266
84 484
23 260
9 231
155 396
85 292
306 421
213 261
254 419
440 508
309 445
248 249
62 284
40 143
162 351
2 109
115 157
111 484
88 449
10 339
198 309
288 397
10 324
145 328
94 449
128 347
14 341
186 372
203 490
286 455
453 476
41 359
253 465
72 199
6 344
157 462
367 434
411 475
41 393
76 364
137 157
93 250
349 478
162 497
152 315
400 440
252 347
55 176
55 351
127 496
293 499
68 287
273 361
117 264
143 334
116 385
20 46
15 387
208 478
350 366
28 325
185 500
207 476
262 365
233 304
337 442
67 111
262 266
315 433
99 178
316 486
7 325
144 499
361 372
261 292
58 225
278 381
35 323
122 381
166 383
169 309
50 252
18 416
340 441
245 509
107 333
61 415
180 235
5 264
387 509
38 252
334 384
156 379
383 429
306 405
437 484
79 426
50 257
374 421
10 165
204 397
15 355
23 305
67 279
76 441
158 492
383 394
38 350
35 280
23 217
426 477
196 351
161 192
207 390
467 473
14 166
52 296
40 428
386 457
277 344
137 418
91 281
236 310
83 315
445 448
427 457
33 150
9 299
123 444
136 434
9 314
57 135
137 340
435 457
56 56
258 281
259 368
342 420
111 359
188 415
231 261
256 372
132 314
476 481
305 489
8 313
143 186
83 457
282 389
57 92
452 506
87 164
150 498
51 503
194 234
47 452
62 77
229 251
144 188
268 348
308 469
73 114
85 390
41 212
304 375
91 408
92 302
46 325
156 418
229 381
382 508
42 491
284 288
278 376
187 361
323 406
339 507
19 205
229 464
183 501
84 192
129 436
155 323
48 380
272 503
168 177
57 76
159 393
214 493
475 480
305 485
200 375
347 498
223 358
179 499
168 367
27 425
316 427
292 314
68 246
314 441
192 411
265 316
272 463
183 442
311 406
102 506
18 78
414 457
351 406
75 483
376 502
151 375
37 116
117 394
388 398
3 336
98 269
146 339
208 483
10 377
65 417
66 66
260 323
57 146
226 494
9 39
364 415
164 190
173 362
44 215
329 347
79 342
267 378
465 497
190 469
149 183
380 461
1 287
174 323
137 420
58 492
304 486
377 509
219 376
24 179
23 185
55 163
157 161
332 434
285 494
88 470
452 495
327 496
22 406
55 226
166 329
254 510
190 424
321 486
293 294
169 387
195 314
65 499
6 19
20 485
34 290
87 284
82 379
181 354
84 308
239 427
260 500
349 499
143 208
111 397
260 291
217 293
41 200
66 475
60 323
98 379
481 496
461 463
278 361
326 336
32 510
411 505
136 365
71 399
286 394
92 176
280 407
260 334
13 481
185 496
101 237
69 142
76 178
136 386
107 502
101 211
100 187
157 183
106 115
292 293
80 117
295 346
163 509
176 356
236 412
320 488
198 368
331 506
71 353
441 457
158 369
99 442
54 369
257 496
165 303
11 466
19 26
97 107
162 249
348 391
113 149
322 396
435 499
147 499
190 213
17 194
12 99
0 145
283 463
114 469
136 294
165 415
155 224
83 485
249 271
335 391
431 481
30 239
46 376
222 410
127 478
49 104
136 405
239 288
139 176
471 485
39 335
51 456
10 438
410 481
148 269
22 385
58 95
225 227
77 395
216 265
103 141
1 15
281 445
31 467
316 324
160 427
22 120
64 80
204 231
22 223
413 432
267 275
39 286
263 449
464 506
78 318
192 294
51 71
162 379
16 118
277 446
84 171
404 490
342 419
349 413
113 206
33 504
153 488
215 381
433 470
132 384
82 146
334 377
310 443
61 408
265 300
266 396
101 476
223 257
153 378
16 223
35 201
252 482
271 425
167 447
26 295
90 258
91 201
335 369
54 212
79 239
108 153
185 507
8 79
124 129
19 357
10 116
96 115
16 33
89 416
206 475
216 391
99 101
424 473
183 193
77 159
152 156
433 469
203 234
166 486
4 235
362 419
151 334
19 300
104 360
315 499
130 212
239 341
44 190
141 482
290 424
132 202
91 319
363 385
155 197
155 208
265 307
269 391
55 167
351 428
302 505
340 443
115 240
181 223
85 101
306 314
390 448
246 463
59 59
28 199
3 165
57 402
6 235
337 351
97 485
436 456
258 450
320 341
254 449
62 143
117 351
218 344
1 212
178 432
145 287
79 123
176 181
102 323
386 507
4 442
3 303
56 228
148 499
13 407
320 381
32 435
308 435
55 86
6 270
337 372
41 180
368 390
24 140
83 325
127 261
183 473
18 391
173 464
29 215
52 349
286 469
228 289
36 399
48 64
128 354
150 466
274 277
28 319
70 243
10 458
18 138
73 152
252 258
17 498
140 213
82 351
9 379
128 378
23 225
333 397
96 501
325 446
239 485
111 312
31 268
66 264
102 448
93 126
44 402
110 301
11 509
218 430
144 259
108 380
339 474
109 415
36 227
27 437
111 240
18 447
7 208
480 488
198 398
149 153
24 251
238 269
153 157
35 213
154 155
131 338
192 486
114 377
4 287
29 44
216 313
222 445
336 393
138 336
52 362
100 244
172 249
91 319
144 309
121 456
91 221
7 343
72 182
182 226
107 434
257 363
428 440
397 425
12 423
27 158
64 510
193 381
65 311
101 370
17 401
213 266
163 392
113 470
152 493
55 164
191 313
216 228
377 392
200 396
168 490
87 458
29 431
19 193
302 448
163 454
72 99
25 159
311 388
276 277
22 151
13 467
349 475
263 477
422 469
187 198
270 342
56 439
28 256
116 453
144 467
251 501
48 162
31 426
358 474
118 155
20 136
14 452
119 409
55 246
96 270
189 267
138 408
153 351
179 302
117 168
484 508
205 502
95 342
313 352
249 380
54 308
101 407
7 488
390 431
344 446
21 355
131 246
75 303
56 394
1 230
69 337
27 51
163 285
223 300
50 187
10 67
152 366
36 70
403 459
475 509
14 412
295 314
35 253
42 138
171 240
168 257
386 464
83 114
102 309
389 470
245 377
57 134
237 274
71 231
302 399
96 132
147 507
109 432
108 367
205 238
83 283
191 429
21 376
353 433
38 53
278 413
263 323
347 428
98 481
168 393
358 468
268 422
278 458
298 419
55 70
172 391
2 154
303 320
180 235
409 499
27 324
23 295
334 433
212 382
52 390
414 497
335 342
222 223
317 364
58 130
42 319
17 246
156 461
3 110
154 410
28 448
322 493
163 235
212 318
172 248
264 400
56 281
304 446
159 490
100 333
169 375
102 246
12 191
272 460
238 245
53 401
119 218
107 469
138 489
95 125
459 481
65 260
90 499
410 446
270 354
444 480
85 255
64 66
320 491
250 404
19 333
378 495
265 460
222 442
62 509
299 356
99 362
285 471
159 378
32 358
265 475
268 443
84 455
41 322
202 322
83 211
358 417
32 182
88 446
136 479
21 273
374 407
251 422
113 455
237 484
15 153
351 477
16 245
158 443
152 256
44 397
19 24
109 217
126 374
153 476
105 478
132 368
36 342
321 476
206 228
78 290
336 493
12 222
319 377
5 308
80 458
335 444
18 413
85 261
92 436
380 480
285 463
86 510
199 204
0 178
346 416
112 421
314 438
2 416
319 491
50 162
119 314
167 355
72 479
98 203
474 508
125 344
68 403
145 383
15 344
99 227
63 206
98 123
189 363
72 298
197 367
4 422
128 195
375 404
120 486
8 501
269 300
327 457
358 416
94 152
243 361
344 387
275 304
118 428
286 369
235 469
378 398
437 449
159 338
263 390
219 405
210 291
31 190
25 317
74 105
66 372
53 393
295 338
177 402
236 311
90 501
88 286
34 456
84 437
197 317
308 479
328 461
177 272
95 391
29 224
138 378
363 494
145 483
63 138
213 242
340 472
57 396
203 389
38 499
91 210
230 256
13 111
384 424
348 439
5 258
195 274
45 365
52 239
366 422
89 380
66 455
239 243
94 433
28 90
205 306
167 389
38 100
165 182
384 385
277 381
145 486
167 450
179 372
251 313
283 476
316 417
426 437
19 98
148 184
240 301
284 506
54 201
231 316
187 194
28 120
51 125
140 206
121 201
41 431
93 246
94 294
69 210
142 327
58 249
1 320
91 124
4 134
149 279
112 379
34 187
154 193
119 145
261 381
57 302
124 389
193 274
260 448
196 362
216 310
61 430
206 486
286 302
5 37
260 377
66 350
383 452
36 498
185 191
155 489
205 322
292 471
268 366
221 232
111 163
269 411
286 389
72 203
78 413
11 188
348 394
284 300
52 71
183 279
143 256
98 469
303 364
186 471
247 501
226 485
133 481
62 399
3 153
56 491
60 264
384 464
128 276
28 396
427 471
261 374
155 164
63 304
283 464
244 506
20 236
72 90
128 165
278 318
50 219
213 255
105 449
184 479
375 385
53 139
174 315
0 453
13 130
87 154
161 333
304 421
112 472
214 310
236 285
221 299
17 355
102 399
150 275
5 202
249 478
165 357
27 415
283 424
361 436
161 485
14 106
240 447
265 369
397 504
124 203
64 209
442 482
264 299
15 376
331 340
184 229
80 371
133 373
60 255
206 378
117 271
87 375
304 337
111 332
296 307
319 418
235 253
48 194
228 506
156 204
131 349
75 132
200 287
150 488
364 374
18 288
38 294
93 243
33 259
188 463
106 109
151 378
143 258
99 117
79 426
417 419
94 295
72 296
69 192
58 488
177 201
31 115
413 462
167 365
334 457
284 503
176 394
234 303
33 331
151 174
277 502
155 307
109 184
373 445
120 132
11 322
226 356
241 282
118 228
6 453
206 233
225 272
42 385
172 336
157 370
27 465
307 328
204 412
191 415
145 299
16 57
406 494
36 332
353 504
61 308
177 338
45 335
10 102
131 352
29 233
98 345
260 288
149 278
172 287
81 203
59 312
141 193
51 493
90 235
38 105
336 444
128 431
364 477
21 465
122 175
135 376
121 377
62 446
135 325
172 243
209 481
223 462
256 269
97 440
10 346
164 340
360 431
214 401
113 158
161 328
274 491
229 278
346 412
90 307
315 507
259 432
98 500
95 486
336 368
12 209
119 382
55 352
361 456
133 218
414 465
20 326
120 302
124 265
42 185
298 504
77 324
29 407
306 417
416 462
76 494
123 222
307 422
464 468
278 320
102 346
28 414
292 361
114 308
464 505
285 500
301 357
61 475
24 138
143 266
253 276
441 450
367 410
118 211
55 267
158 161
300 476
66 95
134 325
438 469
160 402
358 392
245 440
48 133
332 347
202 218
99 109
54 347
94 99
36 506
255 492
302 488
31 49
426 461
208 346
121 190
169 276
149 489
384 441
163 316
321 502
103 203
35 492
173 456
30 437
167 398
60 494
435 469
18 405
280 345
51 117
147 464
71 329
16 176
78 308
235 499
459 492
134 480
39 503
401 418
67 160
162 457
181 483
237 327
284 401
86 214
11 292
24 294
305 439
31 105
17 293
397 447
63 426
34 171
185 247
135 205
77 183
34 173
109 299
198 354
67 159
270 299
140 192
155 183
154 373
322 418
54 109
190 214
375 435
243 400
90 189
306 481
10 472
127 230
97 436
494 509
204 204
339 440
112 332
304 476
240 492
274 430
193 388
169 266
216 331
44 158
138 304
90 413
188 497
228 410
22 147
97 501
173 191
215 312
299 332
89 457
91 106
34 157
100 414
264 277
48 312
16 493
470 510
324 328
378 458
28 368
36 237
333 450
252 437
95 478
139 348
164 375
145 182
255 312
118 503
47 212
104 402
240 250
196 258
238 460
339 437
312 333
55 334
55 59
86 377
139 251
178 454
55 477
30 68
58 126
80 263
13 193
411 416
80 347
239 328
105 319
296 370
169 485
46 457
70 274
147 204
88 145
335 453
371 400
482 491
47 135
171 505
319 502
38 194
220 261
389 446
157 235
86 293
331 400
413 497
160 392
30 479
401 498
95 399
9 163
354 467
48 244
96 459
90 154
33 305
270 504
10 471
427 490
1 456
40 446
133 354
51 505
104 477
313 470
200 409
146 244
110 382
257 508
35 122
64 168
173 318
83 98
50 440
247 462
277 477
395 466
158 384
2 439
113 492
129 176
251 507
191 272
5 333
203 256
286 393
62 490
372 451
384 453
160 494
161 216
456 485
85 316
291 460
31 323
152 388
3 66
140 210
87 507
80 302
125 414
127 474
155 254
342 363
6 250
232 462
227 262
191 497
106 289
39 329
0 82
36 109
63 264
240 469
125 444
41 180
4 249
296 360
59 155
8 385
161 463
104 359
171 273
8 403
233 425
182 251
440 493
0 343
21 99
230 428
0 13
76 230
285 308
192 389
93 112
67 268
230 264
86 381
94 151
150 221
385 445
15 244
167 449
68 100
295 461
278 396
39 443
84 482
13 359
132 395
28 320
11 396
149 425
34 77
25 434
283 395
381 493
41 50
179 393
143 321
148 254
100 161
61 176
53 143
11 331
22 381
59 314
98 279
223 465
402 427
98 453
164 352
59 163
229 264
294 457
151 428
333 460
120 461
183 218
265 343
88 151
223 303
47 506
206 460
70 335
127 400
168 285
391 453
73 306
64 442
444 481
32 94
70 363
127 348
215 312
116 390
206 322
364 400
249 477
225 251
95 454
54 289
29 395
293 405
131 211
64 440
34 280
166 234
63 311
170 316
229 386
270 448
113 280
416 481
119 438
169 402
183 411
79 394
235 455
91 102
431 464
130 154
40 166
4 202
150 486
5 234
158 403
101 416
19 251
354 405
212 443
48 464
7 282
251 487
198 472
285 290
128 375
291 460
236 398
233 244
87 441
317 466
5 358
197 448
89 92
187 285
191 206
34 395
396 483
257 464
23 400
89 133
298 508
194 248
28 498
128 489
169 384
102 209
64 164
152 294
178 285
235 261
208 292
0 396
418 453
348 406
78 442
157 455
164 328
49 308
104 400
236 492
32 88
178 330
26 28
69 482
87 424
249 293
115 132
275 410
58 336
84 354
220 440
123 301
47 348
210 324
393 426
228 450
26 291
132 364
222 229
34 187
6 458
234 241
45 109
162 293
226 325
387 431
12 327
197 313
236 358
238 411
160 312
84 172
21 267
105 309
185 314
221 318
125 149
284 362
91 211
235 407
307 392
145 321
194 223
134 246
209 248
336 474
67 314
56 119
165 313
110 413
292 412
65 387
201 261
134 223
207 297
5 352
332 420
433 505
170 408
349 440
257 376
100 105
483 491
15 301
116 424
149 378
16 118
279 490
22 47
299 426
57 195
27 141
85 270
255 330
270 286
500 503
163 446
298 415
391 401
271 412
78 205
293 407
265 316
60 376
45 87
209 421
164 328
73 474
63 362
351 503
11 323
98 308
119 134
475 497
123 509
234 239
69 149
150 248
140 225
430 475
332 439
15 159
223 498
109 110
264 276
29 238
61 264
24 290
209 491
231 277
59 492
103 236
396 422
173 510
68 484
246 500
37 112
359 379
12 140
261 396
81 400
90 194
117 416
87 114
262 421
68 269
181 331
21 185
251 412
33 460
189 365
39 437
269 475
404 463
143 160
328 371
166 334
93 240
144 382
119 195
35 303
136 334
213 303
65 285
11 155
104 266
30 76
248 306
141 224
74 382
60 447
183 405
83 319
69 491
108 209
288 295
286 351
68 416
60 179
174 329
104 493
3 421
114 248
39 478
21 46
207 354
336 453
98 103
261 275
52 502
47 471
71 194
375 473
101 229
63 380
135 195
327 385
259 339
19 78
38 497
46 316
52 367
12 177
122 354
242 349
241 503
24 132
411 465
150 226
31 183
130 287
439 478
185 202
366 449
284 380
35 510
242 306
254 275
5 197
73 239
158 505
218 279
142 361
354 496
58 240
36 48
134 327
64 493
41 506
90 293
151 266
408 430
157 215
118 272
188 356
148 304
151 397
10 202
99 305
13 231
487 489
69 247
187 454
140 467
37 416
124 359
88 356
43 364
23 483
492 505
173 501
188 365
33 369
56 312
293 375
62 194
65 390
334 412
45 295
161 340
297 500
12 147
173 256
259 478
128 249
85 387
14 186
2 110
164 244
357 411
1 249
196 349
17 450
159 203
353 410
142 293
15 25
398 427
159 305
28 139
416 438
263 430
101 385
284 342
50 128
124 461
300 434
225 289
250 327
428 439
13 386
374 506
309 326
153 272
130 237
348 406
178 264
166 372
182 361
20 246
242 474
214 360
247 343
316 428
208 439
138 217
29 331
289 508
388 486
232 241
318 393
40 405
181 261
171 406
97 362
236 503
74 469
270 377
66 75
28 290
142 364
268 342
112 416
87 486
93 371
152 460
108 348
143 221
47 84
186 426
163 332
129 317
59 170
122 411
153 203
196 424
151 252
179 422
181 296
145 210
306 457
121 480
4 275
59 84
274 310
110 301
326 500
18 52
2 392
113 145
467 478
149 393
16 393
196 345
322 345
8 443
193 280
247 343
4 23
70 72
101 323
290 300
37 43
220 438
129 282
56 351
47 233
51 164
351 509
429 473
77 460
186 392
67 449
66 174
6 119
157 324
255 508
16 487
56 473
317 333
224 454
73 345
258 280
210 371
73 323
2 257
184 287
111 280
24 430
284 295
113 265
124 382
260 423
328 335
1 233
55 225
4 345
34 72
17 384
255 507
118 243
49 304
123 170
398 468
158 329
110 163
265 418
145 486
44 74
136 204
208 368
193 303
89 285
92 435
83 343
84 89
238 413
116 474
140 318
30 476
358 476
50 106
203 309
114 242
114 474
3 17
130 409
19 481
328 486
426 495
36 341
42 501
133 333
44 359
178 182
110 281
221 355
158 424
267 322
152 451
303 419
160 270
41 501
45 356
81 318
251 343
101 475
252 361
246 452
4 111
335 472
225 267
442 506
142 323
7 427
230 329
67 322
149 378
320 426
67 426
28 171
191 226
370 410
418 488
294 323
109 263
394 399
87 504
136 263
95 447
346 457
122 409
309 489
369 489
367 406
105 294
112 194
92 375
69 291
30 330
423 477
300 487
79 214
287 372
399 421
128 146
91 329
63 404
79 373
213 451
337 460
359 472
380 440
80 393
91 318
124 148
382 417
39 227
80 133
70 181
112 319
247 311
177 494
260 459
262 439
18 329
49 219
181 321
428 459
246 283
92 466
167 193
18 299
155 371
82 359
286 349
285 350
132 410
125 294
40 377
93 460
255 316
108 287
292 482
141 145
24 476
234 400
401 507
190 211
26 484
58 159
95 135
58 90
145 457
160 344
70 138
330 463
152 344
225 242
190 243
118 296
294 424
162 356
86 258
154 383
143 449
265 493
418 435
173 305
178 280
33 365
124 211
341 448
4 387
184 186
222 301
183 212
415 493
324 368
179 213
257 401
183 491
145 301
286 327
105 219
12 390
93 117
309 496
199 489
318 460
158 447
125 394
148 397
85 181
179 247
111 362
32 40
200 472
77 344
182 449
25 349
67 131
29 329
245 282
5 209
270 477
38 205
194 251
132 285
374 449
211 302
190 271
75 216
49 396
6 150
422 423
32 301
339 353
147 298
174 414
242 309
241 321
164 180
88 152
26 242
223 412
101 320
134 290
132 499
82 223
48 479
12 454
263 314
249 455
343 423
314 473
66 170
66 264
231 378
349 484
69 97
162 508
132 282
90 269
91 255
189 496
42 467
233 441
108 221
253 326
140 437
224 408
116 416
92 105
302 429
363 442
103 260
85 252
105 156
183 402
50 151
110 500
419 459
73 87
82 334
57 440
321 484
335 507
191 281
26 128
208 226
191 372
154 258
33 248
356 467
100 499
101 231
197 217
87 372
57 251
90 363
23 214
164 370
261 389
31 101
124 240
138 272
40 470
210 307
305 391
22 124
306 353
168 201
19 239
200 229
218 311
111 325
41 200
246 345
31 323
172 483
132 377
381 387
442 469
325 423
8 53
114 360
311 466
5 379
189 198
111 116
44 403
240 273
65 109
283 410
342 500
215 303
186 435
66 96
205 329
193 445
266 396
227 234
99 108
12 34
66 206
139 506
292 328
195 227
201 446
439 509
42 476
202 222
211 450
453 466
5 280
5 358
104 354
182 310
49 370
286 339
346 387
22 448
147 187
9 234
476 504
101 176
65 178
66 307
11 386
232 499
259 282
169 490
349 444
92 224
299 347
233 478
114 383
178 373
41 292
463 480
328 501
145 448
77 347
38 370
97 227
336 436
89 265
112 323
100 125
472 473
14 272
239 245
124 405
99 168
235 491
241 364
145 430
74 337
285 340
73 394
200 279
138 494
124 163
297 493
204 447
318 443
133 359
176 239
308 487
78 269
86 324
315 460
112 131
15 473
222 404
410 470
102 350
41 482
73 399
95 373
404 425
60 252
10 308
229 459
412 483
362 494
128 197
363 411
96 463
213 396
80 313
264 476
35 170
354 421
151 224
7 246
60 170
187 508
265 317
150 269
33 303
54 276
257 404
234 407
123 487
51 82
39 336
4 396
160 490
438 441
201 503
203 329
224 245
90 184
13 139
87 267
177 283
37 359
338 458
128 335
55 295
232 412
78 166
102 285
66 371
133 270
73 135
123 405
213 495
254 419
234 413
296 357
186 482
353 413
394 418
344 486
17 426
38 381
292 325
256 466
20 41
364 449
54 63
322 337
11 429
23 27
383 428
100 214
155 324
325 401
102 180
290 326
171 185
340 437
313 411
282 387
114 401
7 186
13 390
259 451
39 490
143 342
3 218
122 202
1 130
123 498
14 57
94 153
288 330
180 191
333 476
275 496
210 506
165 403
255 414
83 417
88 310
152 473
273 483
91 383
193 205
336 504
167 245
278 372
68 410
110 220
231 282
281 466
107 475
206 254
8 192
11 396
21 191
163 497
186 234
114 502
240 296
271 370
43 449
130 186
0 68
132 144
119 276
59 486
25 329
437 484
400 486
365 400
218 480
84 406
20 507
77 167
153 430
284 472
86 134
18 81
184 298
500 509
328 455
266 312
141 383
296 487
415 418
296 303
213 262
96 262
296 487
276 281
39 321
287 404
62 489
473 494
97 489
66 266
450 474
302 410
317 404
346 380
66 269
80 172
219 503
326 332
7 444
309 333
241 348
370 370
354 396
381 457
96 486
186 415
338 430
304 415
264 329
30 378
392 500
321 423
36 406
272 320
100 361
218 294
50 263
250 371
263 328
247 311
163 203
371 446
277 338
242 365
16 194
245 348
47 126
70 503
252 259
172 455
267 384
21 466
427 503
167 254
234 290
7 274
19 489
46 218
169 509
107 434
112 355
112 262
262 350
184 306
54 211
251 280
145 462
190 224
34 190
113 164
57 115
96 427
407 504
16 201
66 376
128 240
431 433
82 227
41 170
109 407
298 470
70 205
206 263
74 290
43 103
116 275
151 394
62 114
99 419
303 456
106 305
20 110
72 195
218 303
143 397
209 363
79 376
284 478
165 483
55 400
150 452
296 479
10 301
177 310
54 185
275 363
294 464
53 313
35 371
362 496
186 218
1 296
152 455
67 373
87 297
37 386
340 424
18 408
133 173
15 85
28 173
7 439
445 458
52 382
167 465
102 481
67 372
13 419
108 140
153 241
23 196
363 373
31 305
48 185
197 359
64 74
62 252
304 354
185 400
18 359
27 124
315 435
302 464
201 384
42 364
152 389
9 178
395 443
316 363
73 141
250 444
94 355
111 477
103 473
156 233
122 157
54 170
112 146
56 279
159 297
131 450
103 459
250 308
386 486
486 506
352 382
141 391
274 456
43 53
265 319
81 266
34 54
248 333
390 392
26 383
223 266
217 449
218 374
242 363
225 381
150 276
143 146
78 412
101 337
229 360
290 431
108 467
92 387
360 419
198 456
83 179
248 435
41 154
90 148
123 484
44 60
20 112
385 417
300 390
262 506
151 340
288 464
282 319
109 398
125 416
184 395
377 490
117 222
384 479
160 497
269 303
154 478
444 462
89 483
342 370
119 346
76 217
174 209
179 304
44 431
17 55
189 274
13 303
225 351
91 360
148 496
109 125
61 439
68 295
83 339
334 430
272 333
212 462
96 184
53 311
382 431
13 332
153 162
202 322
367 508
169 441
163 278
86 230
215 389
56 133
164 320
32 282
64 266
409 495
136 442
324 502
208 424
158 461
66 116
117 328
256 456
221 372
24 252
138 180
76 309
147 322
209 245
392 408
113 310
46 426
40 304
265 287
204 305
103 138
14 348
272 322
264 497
98 109
208 256
469 506
257 458
296 335
33 283
12 264
88 418
132 261
141 347
44 505
296 504
28 485
48 71
203 360
151 452
1 219
299 407
348 349
448 501
10 317
162 501
258 353
275 379
0 3
4 443
215 469
1 347
262 455
106 319
133 388
20 479
61 363
249 442
96 342
53 75
49 481
445 505
75 284
367 494
79 158
175 177
286 416
110 327
379 438
140 163
12 82
72 490
16 199
225 399
24 452
165 247
98 385
183 349
79 217
27 241
329 377
212 485
387 416
126 417
44 122
74 289
68 505
276 491
55 402
19 243
236 424
468 495
163 492
230 345
325 387
3 317
158 496
253 508
44 359
230 303
310 450
87 432
477 485
83 484
12 485
36 179
367 473
70 335
149 159
185 490
14 501
202 463
186 201
75 151
98 214
182 231
125 184
23 289
81 473
324 364
130 243
200 474
237 308
158 438
429 477
302 430
14 99
127 208
317 450
178 191
376 422
404 479
19 118
153 244
74 164
341 388
160 381
203 211
90 433
89 164
321 450
13 79
137 292
123 208
74 499
506 508
151 453
174 305
3 134
140 148
64 356
4 429
219 318
293 390
4 50
125 128
156 221
315 424
246 253
81 307
138 483
218 487
182 418
163 398
276 430
169 487
143 329
64 98
28 272
164 291
399 469
6 421
245 341
136 184
298 482
398 443
227 334
132 239
107 479
182 291
4 105
68 110
146 427
90 148
60 232
366 482
224 435
86 136
429 478
417 483
164 207
87 158
130 234
266 504
183 374
21 162
462 479
131 455
5 510
13 374
424 442
264 336
174 239
16 83
172 366
93 125
259 277
298 482
115 115
31 338
171 275
306 454
224 439
13 360
192 234
229 345
43 228
185 333
196 234
14 422
385 476
44 333
80 175
257 479
313 501
10 111
371 498
5 143
205 376
15 488
355 483
207 337
262 449
96 227
110 360
44 415
289 454
433 471
112 199
368 452
114 154
77 222
36 266
33 76
111 277
52 413
323 476
236 349
86 138
240 440
34 367
400 489
362 403
323 453
29 350
73 444
136 231
103 262
88 440
43 244
222 501
80 293
261 370
150 328
236 244
383 411
144 396
272 283
199 293
148 428
17 54
247 388
122 390
87 358
151 162
246 274
135 260
26 258
36 233
73 460
264 402
199 419
124 235
147 451
152 196
291 478
53 480
231 443
459 472
177 460
116 405
161 239
229 454
150 209
20 165
230 321
387 421
301 436
78 223
3 174
100 309
40 126
406 478
43 425
212 381
378 466
119 296
196 218
252 317
52 77
131 309
0 393
103 463
146 330
98 317
235 330
137 292
285 306
53 67
97 415
84 172
370 495
88 166
92 375
75 425
289 309
38 392
300 493
97 450
155 309
202 360
123 505
41 319
58 250
227 269
0 506
253 408
187 464
279 439
210 371
34 434
291 464
170 317
298 370
292 457
266 311
108 257
344 481
283 369
92 451
67 336
83 466
164 399
273 360
243 473
199 260
282 446
377 466
113 266
240 462
203 407
349 484
402 416
18 308
356 489
65 332
266 278
51 451
49 413
87 205
362 474
179 442
157 280
187 299
230 303
15 264
74 163
43 121
80 108
227 412
255 262
238 346
258 441
122 403
22 347
25 127
173 493
413 497
127 183
259 304
111 396
279 356
287 498
82 468
285 352
243 349
175 459
41 436
206 340
39 133
143 354
394 446
325 366
80 287
115 197
44 278
282 353
184 256
203 252
90 173
182 225
258 448
21 66
9 199
124 337
90 181
5 494
127 451
436 436
158 316
11 229
230 305
33 313
442 502
260 288
54 68
239 328
209 266
162 457
78 130
227 370
244 328
102 206
54 274
242 484
122 176
110 383
116 457
140 373
326 373
147 213
3 4
428 474
35 313
22 452
65 244
91 481
14 142
316 460
26 217
129 228
33 51
80 312
431 500
0 357
409 423
278 404
462 484
106 187
81 97
107 224
129 173
221 448
121 146
108 476
10 100
208 378
202 370
62 87
166 359
303 505
55 465
88 180
108 414
128 282
64 471
162 210
61 272
23 495
123 295
51 54
121 470
42 230
12 290
192 493
39 150
174 455
110 195
284 358
53 422
98 252
157 192
169 454
5 311
89 313
32 427
137 273
129 415
339 470
11 395
173 469
185 437
85 457
499 509
174 444
266 408
36 253
225 457
299 438
124 310
404 481
49 266
156 256
216 410
224 436
1 232
101 500
73 78
222 360
53 255
373 496
299 379
171 363
261 405
123 467
194 198
126 252
69 328
64 143
135 274
257 411
105 392
131 277
58 85
383 438
68 318
118 304
159 437
112 233
9 375
26 465
437 438
174 360
344 381
326 471
247 428
85 413
266 477
349 450
280 325
78 495
16 443
388 391
126 386
340 405
15 470
329 463
42 155
150 412
75 450
112 413
254 492
112 296
205 394
106 335
371 444
75 358
30 417
72 309
82 191
271 441
135 137
41 474
178 227
95 338
276 306
231 488
18 492
57 118
84 463
48 405
495 500
132 284
48 450
345 396
36 272
349 493
76 399
1 175
44 470
124 369
411 472
111 426
195 369
285 361
103 304
27 115
418 428
194 435
199 362
29 339
111 112
84 373
7 375
13 308
197 506
124 423
365 460
59 140
76 211
289 343
109 310
22 365
140 465
270 449
177 268
21 271
189 359
104 286
405 415
36 217
281 423
352 509
49 492
340 499
128 167
29 109
261 376
4 94
15 297
413 429
134 279
192 489
172 207
136 365
247 450
106 280
380 422
72 259
239 365
76 339
44 412
227 320
313 413
404 473
175 212
223 417
98 185
132 325
103 176
42 341
250 467
123 359
180 222
362 369
195 364
213 479
71 347
121 264
109 478
172 385
189 351
315 461
403 488
80 165
93 239
63 499
153 455
232 295
33 426
223 357
78 225
128 408
79 318
199 470
9 46
384 486
83 382
92 329
164 166
426 448
384 461
203 336
72 409
210 316
219 440
41 156
219 310
72 369
168 352
419 427
261 500
308 495
83 254
138 196
374 375
249 504
139 318
91 279
309 474
170 386
242 482
42 77
203 283
184 306
112 300
49 205
174 356
280 291
6 288
110 417
157 235
253 344
58 499
317 369
79 188
117 476
121 451
228 411
123 140
216 407
300 368
64 336
48 289
28 440
318 374
440 446
302 377
316 495
64 368
129 130
102 221
171 359
49 101
175 507
163 274
83 158
130 318
123 414
82 364
337 361
186 239
83 206
284 286
45 170
208 244
95 369
159 217
26 236
123 256
177 490
60 204
19 142
289 459
465 492
216 227
115 372
499 505
41 116
209 499
350 354
362 435
29 484
299 359
368 381
134 377
221 463
162 269
1 458
152 327
8 76
318 408
72 342
251 387
264 399
130 179
21 33
124 261
240 507
295 369
228 508
177 383
1 173
160 168
139 370
115 434
190 441
230 258
18 257
67 102
105 217
161 431
19 51
38 273
148 351
167 342
147 262
32 310
74 218
4 209
30 40
196 240
322 350
133 280
220 455
338 402
72 377
177 187
114 261
40 446
207 240
241 402
209 355
26 316
108 498
13 486
229 268
60 79
58 446
196 261
141 250
271 494
346 507
270 295
88 346
7 395
153 203
62 446
27 496
344 477
57 374
267 375
318 408
331 500
116 156
12 49
255 487
331 340
21 487
256 363
82 226
146 274
74 439
183 308
60 223
407 491
134 238
106 478
68 449
181 424
381 444
95 277
105 106
171 457
240 480
117 298
153 351
322 351
25 124
148 181
399 509
433 482
88 497
231 282
114 213
65 352
49 295
126 443
97 123
35 105
15 293
72 330
406 453
156 315
156 205
295 295
111 289
37 441
32 71
57 134
114 398
234 353
55 295
63 385
206 340
7 275
458 493
37 313
76 420
98 270
49 324
81 299
240 416
207 354
281 426
163 282
36 482
109 213
327 380
184 290
1 16
63 444
478 497
57 454
255 386
289 489
253 399
289 293
58 418
154 495
392 446
86 401
62 445
122 348
234 446
237 453
396 407
8 317
10 174
71 334
335 426
209 428
75 297
174 467
29 112
351 370
42 75
40 277
136 231
178 355
263 466
366 455
109 240
303 389
453 488
79 463
376 401
100 191
92 193
129 156
86 451
119 129
162 339
267 383
18 318
233 361
35 426
300 409
39 408
310 348
5 138
497 500
271 508
42 267
28 448
267 422
228 353
77 240
353 412
375 508
204 268
129 307
194 482
44 421
404 405
121 278
181 230
100 287
255 400
27 437
179 317
81 201
28 214
299 408
371 477
234 333
463 481
7 141
31 258
26 57
109 306
93 356
270 458
16 106
119 417
437 458
41 470
19 167
171 212
270 416
290 296
101 249
367 443
182 355
98 317
30 135
300 495
36 397
227 445
176 379
111 501
328 468
276 470
147 285
255 390
145 491
83 510
165 441
207 479
88 388
94 443
392 481
165 242
253 286
214 309
76 368
214 299
57 334
107 129
182 253
326 504
363 467
165 305
22 135
77 255
0 30
28 169
6 97
301 381
153 454
82 105
188 327
104 366
4 244
99 328
41 168
42 292
61 71
286 452
16 456
224 491
70 482
93 173
84 288
166 494
174 241
311 470
262 451
426 477
56 272
208 216
69 279
6 80
89 394
18 134
234 397
316 387
124 143
396 419
67 340
215 300
88 351
243 501
211 239
88 414
46 216
272 295
401 497
207 508
154 311
20 167
0 127
422 507
152 163
125 357
91 233
105 218
337 499
144 168
70 181
22 490
94 340
41 397
22 82
236 391
61 431
202 263
289 347
41 137
393 403
467 486
239 348
123 344
47 77
384 492
421 504
169 310
41 328
40 87
126 339
100 392
102 353
439 468
73 266
241 315
72 472
227 415
53 490
265 492
427 481
194 339
183 257
146 274
47 365
296 340
214 495
104 409
19 243
102 406
216 426
137 264
312 505
165 270
10 305
436 476
70 132
204 300
372 447
158 201
94 466
50 134
250 499
57 187
167 194
41 228
161 275
144 305
371 498
213 422
171 342
273 448
195 387
101 388
82 295
114 444
260 491
267 467
68 79
41 145
306 503
22 384
41 308
138 434
232 395
206 435
315 402
242 457
397 416
315 509
304 338
302 337
41 496
383 495
132 455
6 29
25 410
188 387
308 360
55 144
344 366
359 463
83 334
42 395
52 84
79 93
166 359
21 487
280 353
164 408
422 464
48 311
123 156
373 450
374 442
89 91
200 397
110 155
105 471
17 385
61 344
367 495
128 207
10 510
16 350
46 291
365 504
369 491
108 267
204 251
254 500
104 271
194 198
186 417
27 160
24 430
74 290
92 364
56 420
371 425
64 214
16 493
15 250
4 298
6 19
258 301
65 272
147 347
61 443
142 196
84 410
7 66
145 398
155 402
91 256
30 410
5 360
21 393
77 456
181 395
32 149
60 255
74 267
54 262
82 454
275 325
7 408
389 454
297 475
8 361
14 328
25 416
76 507
425 448
57 153
300 507
94 467
321 495
99 262
62 418
247 483
57 107
93 106
193 234
84 193
45 123
185 187
161 196
66 330
270 296
11 76
180 471
355 356
35 368
186 436
31 106
81 469
21 327
391 425
17 171
25 38
182 478
176 418
341 448
14 365
198 368
68 124
95 196
34 353
9 450
265 311
141 216
12 197
113 495
20 96
3 489
78 111
206 343
46 242
318 321
160 461
119 138
45 423
181 463
292 436
212 376
110 304
154 377
194 292
219 413
217 229
139 391
209 239
417 450
146 402
5 388
81 265
84 148
233 452
243 258
307 356
0 268
267 296
151 424
174 295
280 464
263 410
41 268
8 317
403 490
96 434
349 359
25 229
292 383
118 469
362 409
263 425
11 347
21 281
38 510
31 374
277 416
225 429
5 304
293 428
381 384
3 157
216 492
21 27
208 490
126 334
48 472
370 474
401 485
225 289
99 190
38 381
164 182
384 501
429 449
389 440
4 130
252 441
272 367
54 123
320 349
221 257
98 416
24 206
59 285
158 392
90 132
293 425
13 504
38 54
193 221
18 383
71 304
276 367
158 359
101 262
244 328
186 439
204 384
65 332
267 413
136 194
85 348
248 276
425 492
143 265
162 474
444 504
108 157
66 218
182 374
134 302
405 423
472 508
9 479
149 304
110 362
88 279
42 172
118 289
78 226
45 484
249 368
72 314
63 332
279 480
310 340
391 486
103 395
23 447
21 242
432 509
108 468
318 508
165 401
125 329
119 392
36 472
64 84
246 291
78 144
20 151
285 465
2 338
145 202
196 249
17 371
258 461
132 434
100 429
111 464
137 449
45 199
23 372
227 471
388 438
106 267
344 376
307 362
380 496
10 337
266 486
62 160
110 267
124 317
145 242
234 308
221 234
102 471
71 105
35 36
58 197
99 132
20 359
153 298
126 454
215 233
261 483
50 120
13 365
11 435
73 238
200 425
168 326
105 229
82 227
1 377
2 240
239 368
11 109
211 391
350 424
257 275
83 266
106 423
295 484
78 413
141 206
80 130
53 415
157 471
151 160
15 341
304 325
208 247
321 441
81 279
102 491
304 374
474 490
18 260
57 467
72 405
83 243
3 492
9 116
25 326
152 284
381 457
39 470
171 319
174 208
141 468
66 272
56 308
111 208
143 148
44 165
77 447
311 364
154 309
59 498
202 270
381 432
50 451
55 128
39 268
244 440
156 296
166 277
117 261
133 337
72 384
10 75
73 233
164 188
84 335
195 325
254 356
138 297
171 325
154 391
136 219
168 323
84 425
7 256
383 501
228 372
233 484
170 492
89 229
62 291
283 500
89 431
67 476
167 178
129 290
295 448
280 310
131 352
0 331
210 366
193 348
96 231
192 473
131 200
359 447
201 326
25 399
254 391
130 427
53 186
318 502
113 428
117 156
2 362
22 508
13 36
193 307
10 222
137 287
48 207
348 358
332 393
162 296
49 373
20 160
21 234
356 445
187 322
2 19
16 209
291 470
281 305
115 335
25 241
29 243
219 388
18 182
263 284
101 251
168 362
86 345
144 406
314 470
136 183
160 301
213 488
195 492
280 314
23 154
155 479
112 188
268 390
27 485
30 47
313 377
67 221
357 478
287 445
23 469
251 425
219 276
127 186
14 453
7 429
335 431
422 506
209 434
61 277
188 471
38 449
441 462
232 372
477 493
104 172
433 507
151 350
255 258
358 490
193 439
301 419
56 188
44 148
157 394
32 394
97 456
66 413
47 351
291 469
111 363
126 510
178 508
208 328
179 298
107 451
221 292
379 502
301 491
40 383
479 481
106 179
16 64
75 387
30 281
60 401
196 251
338 510
73 271
135 406
43 262
159 306
74 294
179 460
58 325
7 209
183 322
268 301
275 286
403 449
309 474
37 327
118 284
91 379
330 420
69 172
157 470
324 347
50 210
214 503
218 384
108 170
338 353
16 397
258 356
171 322
161 211
96 226
125 475
345 359
129 249
279 476
338 499
117 329
322 505
22 428
51 384
173 465
163 358
212 268
61 492
106 272
352 427
248 370
374 401
153 479
248 333
269 410
29 402
15 388
43 341
279 486
375 501
145 336
207 234
397 497
322 341
11 353
12 385
90 390
108 484
187 299
84 220
224 301
95 483
54 475
98 319
406 501
87 281
356 498
212 427
139 326
29 94
345 503
94 231
4 311
192 227
142 185
338 481
14 313
113 219
67 135
423 498
328 368
96 251
70 433
59 483
55 183
29 105
202 378
30 177
68 413
149 506
388 502
296 492
87 117
140 501
91 223
2 236
98 360
120 484
210 242
27 498
134 404
347 452
34 118
285 317
121 172
36 376
204 494
37 48
343 474
437 489
45 281
151 196
160 291
19 102
145 248
168 187
81 474
29 402
51 274
95 488
287 336
467 499
378 389
74 256
32 398
170 503
180 451
80 278
92 506
341 450
377 383
325 471
63 270
159 323
114 127
282 490
74 208
251 298
84 309
359 443
135 151
393 435
278 355
122 345
141 202
213 439
210 406
48 314
54 259
120 324
59 471
237 509
184 471
143 309
244 270
83 266
240 354
244 264
44 349
218 498
166 486
153 508
292 424
241 280
94 404
327 332
8 212
267 329
126 342
211 439
80 186
10 482
159 179
25 65
333 451
256 396
59 145
101 344
169 208
2 254
405 480
199 458
75 354
123 233
129 449
288 402
140 164
72 373
209 496
229 252
277 291
153 311
109 475
18 255
301 509
218 266
94 445
263 426
86 369
88 362
116 304
32 442
1 482
351 377
111 295
448 462
210 411
38 403
208 457
59 360
93 116
5 119
140 392
50 66
46 366
74 400
359 437
200 248
141 419
119 363
398 414
165 236
302 459
277 289
121 317
100 318
370 371
122 386
125 448
30 106
22 48
18 484
328 341
22 154
328 385
7 309
165 493
392 429
251 285
183 419
129 356
113 434
0 167
89 255
194 401
16 365
444 459
294 458
76 142
4 217
211 279
41 502
37 140
232 446
186 483
466 473
52 404
49 146
17 253
34 352
114 432
353 425
183 426
200 392
64 222
43 224
141 354
85 249
179 406
20 487
261 372
484 487
8 61
86 370
187 410
320 384
215 375
187 504
274 378
321 367
230 395
71 217
55 72
429 509
22 461
290 498
458 462
308 352
7 463
320 371
367 389
42 236
233 389
172 271
119 179
18 77
22 161
127 341
269 332
266 449
17 59
160 396
26 223
14 318
21 119
304 329
208 339
246 453
19 494
246 495
76 319
94 336
57 190
64 239
90 282
13 200
167 407
222 510
41 487
103 348
173 267
156 366
10 215
253 308
267 410
169 314
31 476
219 294
293 391
120 313
19 25
29 209
68 454
170 436
467 480
46 55
6 17
92 448
96 366
64 87
175 190
207 215
289 487
317 387
295 509
152 395
15 94
201 406
205 493
192 267
156 352
276 472
30 436
49 301
119 148
346 508
83 253
243 287
243 292
14 334
419 459
85 360
302 361
330 461
117 238
120 231
151 362
124 367
243 459
9 449
29 354
307 462
36 117
333 428
147 329
17 374
234 373
371 409
103 259
212 463
448 462
226 441
224 249
65 443
205 277
83 264
212 278
127 322
203 426
136 145
3 109
183 315
217 403
50 273
105 422
210 404
250 506
190 447
218 359
194 378
182 197
276 361
228 307
229 327
412 465
74 413
24 107
28 481
200 233
148 357
79 377
17 39
188 499
104 141
80 100
315 505
100 348
83 112
147 432
257 415
115 408
210 386
190 240
187 361
49 473
329 445
126 189
421 481
188 426
79 235
109 135
113 328
314 471
419 497
136 497
8 47
93 251
450 498
174 241
11 93
150 295
9 99
298 373
129 187
264 385
192 206
209 331
290 366
276 344
262 308
9 488
92 277
144 275
84 243
347 350
58 89
255 358
157 335
182 385
230 332
1 424
66 455
11 384
222 235
408 506
115 124
136 462
46 400
56 197
214 227
161 397
357 479
328 453
149 258
124 210
124 247
116 214
109 471
5 142
235 302
232 279
241 380
222 463
297 490
411 470
471 504
305 472
344 351
154 183
356 508
270 333
33 149
322 410
81 222
46 466
399 470
142 446
171 185
74 250
37 129
231 452
399 506
119 313
9 377
118 333
24 340
155 172
154 210
84 222
152 442
26 274
103 378
99 396
231 452
59 450
300 453
272 481
299 443
181 208
135 311
293 425
176 356
105 469
302 312
94 115
31 394
156 451
39 171
153 309
123 471
101 431
120 387
321 439
341 426
75 274
254 258
247 364
24 193
63 475
103 308
426 457
59 471
48 147
35 428
109 232
205 460
321 454
353 370
314 325
236 328
114 174
74 201
271 455
6 49
198 342
315 355
141 180
321 398
238 474
257 273
270 435
19 378
245 391
202 509
92 449
198 384
419 480
279 281
36 458
28 107
437 492
258 360
145 478
31 128
198 401
87 107
295 412
266 417
146 424
189 364
296 396
190 322
307 359
211 289
39 418
26 303
318 381
230 264
4 150
360 367
99 510
14 133
303 336
205 223
206 268
112 202
312 461
179 349
78 140
43 54
77 312
302 360
135 234
93 116
320 382
272 383
105 171
143 410
28 408
66 99
394 408
431 505
312 467
74 236
52 454
183 401
317 427
286 340
109 345
81 315
153 224
17 185
231 424
74 155
192 247
20 97
233 246
274 339
66 212
347 404
1 469
41 186
435 446
260 387
168 413
383 416
7 205
320 457
66 352
303 391
18 190
74 287
141 185
145 348
31 435
411 419
149 436
109 156
124 496
390 417
161 485
82 439
0 252
225 255
292 462
102 111
203 324
327 485
205 465
296 501
17 381
46 327
423 505
106 205
44 306
62 436
197 231
260 439
47 347
71 241
188 498
248 404
131 504
321 366
113 300
388 479
348 479
167 331
234 272
100 460
215 352
37 340
258 272
134 496
202 256
7 189
291 320
2 297
222 465
455 505
49 210
46 232
91 387
359 478
45 503
125 406
60 317
295 397
13 398
98 414
224 319
118 478
58 350
137 262
393 430
268 278
302 355
197 493
83 457
124 248
274 498
253 414
5 49
109 245
90 253
122 363
199 233
207 269
249 468
254 497
454 481
56 274
83 414
456 468
89 369
27 254
431 502
97 362
199 420
137 283
1 32
202 340
440 482
158 505
422 463
269 382
146 262
185 217
79 113
15 262
206 251
67 404
86 317
262 454
1 405
147 497
146 371
114 247
217 413
425 461
389 499
505 510
55 372
210 333
56 474
165 408
46 453
160 485
75 266
37 110
52 69
96 435
216 266
320 370
177 263
76 135
160 331
166 229
18 149
182 433
156 285
346 450
50 173
373 475
38 189
41 340
205 325
191 432
14 432
182 190
190 478
320 443
17 277
46 436
226 480
62 148
195 355
220 425
47 488
74 207
7 223
216 354
87 455
347 420
57 505
210 490
2 83
230 236
291 486
350 401
358 374
377 398
119 350
290 383
339 491
121 146
100 355
59 364
113 415
117 143
55 74
132 446
261 416
318 405
188 277
26 294
409 497
197 229
143 393
49 61
182 187
393 504
64 151
150 328
29 504
92 292
113 437
395 422
39 77
158 478
106 455
100 141
70 274
97 304
296 362
194 228
300 504
114 168
111 447
103 223
67 211
264 411
198 362
115 234
187 415
285 501
116 297
298 459
316 419
201 508
271 271
125 493
143 295
77 321
243 271
68 281
44 307
235 332
97 429
194 413
362 478
165 282
66 148
331 451
190 500
82 226
260 271
409 422
106 413
48 332
117 219
167 510
309 433
206 452
194 374
50 256
194 264
501 508
339 471
238 489
271 491
159 166
398 503
294 298
52 248
134 190
146 505
100 210
47 158
102 474
207 301
166 346
358 390
336 480
56 390
226 327
34 172
178 358
200 306
149 298
166 209
43 171
271 408
220 450
129 233
19 239
356 450
307 350
334 478
125 460
67 147
244 320
111 321
126 370
184 401
261 404
35 347
354 472
150 445
145 219
124 128
186 224
288 298
52 298
113 334
11 275
310 389
160 204
200 238
28 50
74 335
180 333
275 346
188 490
1 99
113 510
445 474
88 422
231 240
21 84
19 387
336 498
297 350
48 146
267 463
479 489
204 429
236 354
50 135
154 357
90 252
175 254
21 510
164 340
160 319
240 353
214 382
280 500
99 498
123 336
129 134
201 287
17 324
21 96
219 275
187 374
206 397
51 233
380 403
140 273
87 193
304 352
53 57
208 486
159 231
265 394
273 367
193 349
17 33
81 266
321 401
81 439
317 393
297 505
13 103
119 268
99 459
122 334
260 464
430 505
83 104
18 170
306 377
24 87
331 486
54 396
168 361
249 299
136 183
154 225
360 468
248 489
263 447
194 294
186 322
278 343
346 360
128 356
65 419
71 417
309 436
68 306
250 332
227 386
230 325
288 455
419 453
175 245
67 145
58 426
63 493
74 369
440 497
48 49
119 350
233 391
37 397
30 43
248 455
445 457
1 220
98 448
333 458
218 285
12 224
338 373
68 428
34 298
222 319
14 234
298 344
24 221
392 432
34 301
69 289
116 510
86 266
178 431
98 334
211 466
93 112
39 48
130 351
250 380
27 316
41 142
208 231
12 108
389 502
337 393
220 341
241 496
6 15
35 500
471 491
171 422
241 432
222 400
333 479
151 488
310 419
91 234
416 489
82 94
289 339
43 193
212 299
3 425
28 260
33 52
189 462
255 340
192 397
89 407
385 457
8 284
127 205
267 344
54 97
43 379
28 76
291 484
171 325
352 510
24 265
165 500
42 261
12 249
186 496
162 277
6 303
204 502
453 465
308 433
378 402
12 181
85 459
24 248
73 261
276 398
68 111
188 360
130 432
75 191
333 498
19 475
255 297
203 415
194 477
218 270
9 439
248 342
47 420
163 388
419 490
297 475
193 272
79 393
260 408
382 436
332 438
172 211
11 210
97 183
407 414
173 240
165 510
303 331
105 418
46 258
118 490
306 392
247 278
201 363
96 377
108 313
101 108
79 460
87 266
54 295
143 153
341 392
73 230
372 409
436 451
197 379
250 263
253 414
63 162
396 480
36 54
99 224
313 497
39 97
439 493
210 350
118 426
335 344
368 479
221 424
214 234
156 338
142 244
246 268
257 442
160 187
75 195
112 114
27 370
183 503
352 482
13 149
61 194
374 418
108 134
177 258
1 417
59 322
5 48
48 181
104 127
44 212
27 289
320 382
59 127
59 118
131 201
217 475
85 293
59 251
179 345
265 455
202 450
79 384
269 504
6 27
90 133
115 339
328 375
332 403
130 421
215 400
174 343
314 367
274 377
449 479
53 129
95 319
481 496
209 231
33 138
100 125
115 172
72 198
275 343
153 452
59 150
231 490
162 297
162 187
40 178
100 416
340 478
135 337
15 128
118 251
54 193
166 266
18 72
111 410
89 133
104 373
464 504
206 508
131 478
280 287
75 427
6 157
94 196
206 483
406 436
10 413
120 491
304 323
201 342
338 395
168 246
216 448
186 353
18 108
76 199
362 403
116 153
209 236
23 384
84 137
83 204
24 243
417 443
255 452
259 263
39 213
379 473
463 486
74 96
61 311
84 228
385 497
14 482
222 382
225 380
48 254
349 390
40 80
221 360
277 459
134 281
83 141
243 380
101 356
23 121
12 161
142 249
94 279
322 435
207 385
91 100
39 337
97 484
100 333
163 211
123 304
257 408
230 491
370 407
356 470
119 160
30 148
59 73
270 480
118 423
455 472
138 343
268 487
167 329
71 87
74 176
122 289
4 52
216 279
95 97
189 353
20 455
121 496
116 125
164 278
138 237
141 297
299 328
27 503
121 250
439 509
179 290
166 402
312 324
299 395
294 478
408 509
120 328
329 493
31 345
206 242
64 270
246 391
427 506
36 256
105 259
172 350
81 353
80 447
52 467
79 299
118 429
115 435
10 184
234 501
123 384
10 18
65 477
105 175
42 46
18 340
53 347
280 294
23 463
129 294
219 265
250 434
124 428
4 327
210 258
168 306
147 397
155 426
158 442
293 405
104 188
333 470
122 332
347 431
161 432
197 342
187 196
349 478
111 322
221 460
125 259
131 443
14 296
193 250
219 312
88 389
11 200
214 464
71 414
257 332
154 239
298 495
364 437
190 292
158 427
354 413
100 389
1 462
384 467
7 365
120 404
71 445
285 474
343 485
299 318
181 280
212 359
137 214
4 22
161 290
79 339
136 328
64 131
24 377
184 496
24 417
384 485
11 43
95 165
304 310
304 341
57 445
154 235
19 416
15 170
255 270
336 479
269 474
257 394
170 252
51 406
144 361
164 382
170 370
112 430
269 455
292 474
178 397
16 506
78 491
10 340
315 419
176 405
304 329
153 417
265 482
31 446
332 460
153 233
266 469
229 382
95 138
82 277
4 359
374 488
271 304
303 493
260 395
4 262
184 200
4 225
145 149
0 283
222 328
93 454
42 181
186 479
68 349
197 456
134 492
4 446
262 504
8 215
416 463
29 170
160 343
287 391
44 497
308 467
219 438
18 354
114 497
89 116
62 308
73 387
329 406
343 373
122 411
129 161
68 254
132 364
144 151
336 469
124 436
22 35
113 300
95 264
469 503
80 87
65 435
226 273
145 488
185 369
167 275
81 154
252 377
211 279
265 504
421 489
217 454
468 501
283 335
196 261
105 417
74 108
109 333
208 409
18 380
165 199
281 396
82 147
70 234
166 504
329 343
168 360
131 292
42 57
363 392
35 75
260 508
156 466
221 277
77 141
323 393
449 506
125 387
38 401
187 328
361 433
3 434
176 248
34 449
54 407
11 411
48 141
280 359
245 262
219 377
398 504
100 226
295 420
258 400
212 299
436 455
124 357
226 506
197 370
78 92
222 332
406 430
257 268
166 221
172 364
107 243
109 357
138 466
63 279
194 421
122 456
239 458
13 155
279 501
315 482
89 120
100 332
15 386
6 120
35 291
175 233
158 169
42 435
270 367
2 453
165 295
70 128
264 277
104 246
49 183
275 367
216 260
30 468
310 485
233 412
145 437
76 363
173 409
79 397
459 501
85 368
22 141
33 428
142 195
31 438
87 280
129 264
333 380
27 330
48 322
451 481
78 269
38 355
51 351
223 453
227 272
194 226
101 316
443 492
114 288
58 127
36 174
28 253
54 485
329 335
210 488
98 141
47 505
125 209
254 486
264 420
406 505
166 240
44 127
212 413
175 506
307 333
32 491
412 478
163 355
427 497
39 102
256 256
104 378
322 506
396 484
341 440
315 341
54 63
420 502
66 486
58 132
124 167
307 411
141 179
200 490
397 497
303 387
66 373
330 397
173 390
263 278
16 25
424 506
40 359
84 414
390 473
60 301
101 125
101 351
233 400
185 227
147 389
41 125
329 424
21 376
86 374
199 353
6 363
244 438
13 260
340 466
19 386
52 411
356 414
182 331
51 420
123 206
29 94
106 405
294 425
174 378
8 298
170 344
266 430
215 369
290 333
154 417
23 69
38 182
262 270
130 217
321 336
57 244
131 170
334 405
17 180
97 459
9 495
79 150
53 159
22 193
66 378
372 439
283 448
133 444
30 510
262 456
14 227
141 218
255 472
4 125
472 487
2 264
306 339
22 364
226 477
7 464
121 442
27 186
376 454
116 354
177 293
413 466
443 458
285 301
219 427
53 110
65 143
91 347
42 224
142 345
83 249
304 388
6 79
236 500
52 114
77 186
401 457
96 255
4 189
26 265
154 396
365 441
9 353
69 194
176 306
174 346
240 384
308 465
180 458
41 473
4 88
132 376
380 502
153 167
239 392
220 408
21 270
64 68
16 441
179 470
385 391
209 378
42 223
277 505
263 477
313 480
185 356
44 495
422 457
0 193
76 414
12 347
374 506
412 443
120 448
187 413
51 232
196 389
58 341
169 385
7 270
65 177
275 510
71 83
134 445
29 333
33 290
163 245
152 423
64 510
284 335
136 148
30 81
124 200
283 332
100 510
21 149
20 180
223 466
97 184
167 453
30 45
55 186
163 402
442 470
165 487
111 371
105 157
104 124
290 493
4 324
178 296
36 283
144 155
286 420
52 100
319 467
84 382
105 344
76 160
184 495
63 410
27 164
23 123
146 173
79 297
173 377
425 440
135 261
402 475
259 486
407 480
106 293
340 411
392 500
63 279
61 138
221 282
145 322
5 263
63 133
39 148
284 412
149 323
203 266
53 177
221 414
9 209
18 301
396 410
97 486
59 142
301 367
271 405
372 469
82 266
162 300
209 249
175 458
204 369
426 501
360 439
129 295
255 485
208 391
20 263
59 172
100 232
105 238
30 83
13 446
388 420
205 261
186 496
174 355
35 216
29 392
131 426
391 491
186 475
79 83
24 189
165 314
84 438
331 356
344 375
430 457
196 479
284 477
38 128
47 239
150 456
410 457
16 158
240 371
27 402
398 484
24 431
146 481
222 395
146 230
151 371
18 214
164 253
152 393
129 248
106 181
121 316
197 368
137 302
105 178
161 380
22 208
280 330
133 396
119 392
246 504
70 407
100 316
161 217
404 486
285 396
173 261
243 474
157 496
30 347
312 425
60 323
151 243
18 421
45 317
143 418
236 242
384 508
455 478
393 463
172 241
78 380
94 273
55 359
454 474
174 436
433 460
317 499
344 405
53 306
386 479
451 461
160 226
27 339
268 348
27 217
10 85
67 452
212 347
125 314
133 176
393 456
348 380
361 454
332 462
197 310
77 326
146 468
4 400
209 474
294 436
153 327
128 237
93 374
278 344
292 326
367 479
397 478
309 353
263 297
233 437
263 494
65 485
118 300
106 367
46 62
65 250
28 181
9 410
114 329
56 453
213 261
16 76
182 231
189 508
58 469
26 413
160 356
186 194
13 357
196 354
166 289
48 228
169 458
73 347
129 244
99 328
343 471
34 465
83 204
309 509
57 495
138 253
249 470
353 440
13 159
96 262
131 407
102 157
350 368
2 217
120 234
147 322
352 482
209 473
286 424
215 496
125 506
32 368
6 460
282 348
7 73
73 278
159 486
466 472
17 56
257 303
123 295
5 282
166 506
125 458
68 151
231 329
326 343
35 70
216 318
45 449
296 491
64 194
91 442
269 271
99 479
59 159
83 343
293 404
376 394
243 406
31 44
406 441
249 500
354 454
150 466
188 296
53 322
57 317
123 508
162 247
78 382
306 329
19 69
376 415
75 337
251 251
84 231
166 465
128 399
108 486
88 438
87 188
245 439
142 147
331 440
6 218
339 374
18 141
72 97
222 455
107 332
259 466
68 375
127 371
173 257
1 288
335 395
84 388
373 418
180 384
120 153
2 107
388 421
65 124
139 344
130 381
115 192
141 324
166 245
206 322
433 454
58 393
375 402
39 57
207 389
93 306
352 385
104 448
208 417
128 377
102 175
161 431
256 418
89 309
128 375
12 378
51 221
9 360
14 62
296 493
276 290
63 354
42 306
66 302
205 230
121 309
26 254
71 97
13 79
285 494
438 444
205 507
114 178
222 248
71 485
15 39
446 449
11 428
7 378
282 451
327 376
137 409
283 417
370 429
191 504
49 145
13 21
190 194
281 491
78 131
154 196
242 452
53 395
102 232
91 478
323 486
61 316
149 409
153 349
364 488
6 112
173 500
388 423
82 362
134 264
284 336
131 429
229 249
284 488
71 200
188 247
133 493
123 330
20 244
17 235
289 324
29 185
47 110
230 302
67 203
153 342
146 315
10 429
18 435
47 89
180 282
54 338
22 204
65 402
293 358
119 343
309 410
136 225
127 250
233 295
258 460
263 296
305 306
135 390
136 300
142 256
72 399
155 440
196 223
202 382
270 426
30 349
41 458
27 384
152 335
318 398
32 117
42 420
397 495
250 455
140 504
37 69
208 229
89 204
129 200
84 433
111 497
215 458
82 464
233 470
234 345
79 330
239 448
222 377
115 156
29 416
17 46
248 425
264 391
26 468
274 294
35 95
256 509
182 322
125 322
134 162
167 240
66 227
154 402
6 58
184 355
144 205
336 367
163 288
65 417
156 331
171 386
248 397
338 437
93 482
228 340
269 336
239 252
211 302
258 444
442 506
298 451
231 450
17 461
148 501
158 351
237 292
105 404
177 294
64 234
122 171
387 408
354 495
339 470
287 355
131 202
57 337
251 301
346 420
100 341
167 198
197 505
215 449
463 484
111 137
34 95
196 380
186 508
251 402
26 37
434 464
73 303
129 179
91 177
305 444
426 479
124 196
342 505
355 484
82 298
107 335
16 220
96 460
108 171
120 156
112 125
38 121
211 281
220 232
334 385
78 342
281 302
290 470
2 211
29 291
360 464
138 345
83 144
37 510
15 381
152 457
287 460
157 221
162 270
220 233
247 253
63 335
286 341
151 453
27 281
454 508
28 506
41 71
143 436
253 411
158 201
214 385
263 426
282 302
212 302
50 127
93 287
352 454
118 497
199 204
241 395
170 383
75 373
321 463
102 435
10 64
194 241
118 345
56 71
158 406
230 298
134 398
251 439
206 450
122 264
147 377
32 104
315 485
330 391
152 188
76 307
198 437
44 385
81 367
303 351
49 488
29 491
367 509
46 403
350 453
80 267
218 438
72 399
318 447
187 220
81 349
226 375
291 460
209 272
300 374
68 139
179 429
237 404
43 208
6 63
5 131
153 341
287 438
357 404
271 350
70 376
77 510
200 496
201 290
3 285
38 492
0 180
276 425
415 441
21 216
259 364
18 28
68 215
353 497
65 190
28 231
156 422
18 386
161 237
4 279
136 348
81 300
363 426
128 461
222 343
90 397
105 341
113 258
139 225
118 245
179 494
257 329
287 452
20 287
119 138
35 305
348 370
36 142
45 375
254 307
228 356
14 155
2 16
286 419
184 337
2 447
121 387
256 380
110 126
5 69
12 81
45 214
292 367
296 370
199 309
421 444
99 285
189 256
68 473
252 336
243 400
116 408
201 466
260 387
109 118
228 367
42 147
382 474
9 14
64 401
7 318
365 395
21 168
270 319
24 187
243 349
90 235
179 468
211 504
262 372
397 431
163 457
420 464
431 460
177 342
402 431
303 384
416 439
11 460
70 190
55 156
298 385
328 495
183 257
229 392
278 313
329 399
94 266
260 417
287 287
153 364
122 388
109 231
53 345
26 376
109 372
310 311
72 181
280 304
16 103
69 386
171 441
26 222
54 135
46 65
110 255
281 286
318 451
83 142
332 464
312 507
271 410
90 182
126 317
296 337
238 261
0 91
198 321
119 352
44 430
120 276
76 194
272 389
215 250
30 151
32 443
91 175
378 447
66 130
250 283
63 440
169 379
95 285
208 337
58 355
190 302
52 60
80 246
123 391
92 166
128 498
280 345
171 390
68 160
196 322
333 343
156 226
225 389
153 406
168 441
178 228
255 317
136 281
101 292
11 322
2 254
62 475
252 282
309 344
456 457
275 487
230 395
153 450
146 223
152 264
260 445
80 454
149 218
34 415
411 414
60 461
215 461
311 384
116 427
245 474
243 455
175 214
20 110
113 402
127 440
163 290
87 408
273 470
118 242
107 270
152 227
335 459
362 416
3 51
416 463
305 458
62 98
415 481
210 238
286 389
84 466
178 471
89 117
134 294
27 398
303 370
114 172
21 400
71 345
275 434
176 434
27 39
161 277
232 440
340 473
55 382
268 277
50 246
64 379
93 137
205 498
380 494
125 180
355 470
138 346
153 157
433 508
58 428
185 369
315 449
357 424
48 346
80 188
381 488
116 397
242 325
125 490
179 325
328 498
252 410
201 462
156 376
234 397
349 409
155 228
14 216
256 339
145 423
81 296
176 192
14 409
140 471
105 402
126 173
63 391
118 482
160 490
425 495
17 382
227 295
242 448
53 376
389 421
390 421
143 237
205 344
318 341
146 507
142 234
151 336
211 298
179 247
113 253
289 376
71 362
35 268
45 254
147 274
37 163
256 468
39 403
122 171
350 474
272 463
12 289
117 460
0 81
216 454
198 257
172 491
34 212
233 465
107 319
169 318
475 508
54 294
130 457
127 407
45 425
230 479
239 401
330 371
351 407
187 407
57 406
64 242
438 471
201 233
31 346
302 428
21 185
121 211
9 199
69 446
42 151
11 104
320 410
236 453
375 431
221 388
283 379
372 374
170 300
97 307
140 287
148 414
62 150
294 470
146 338
357 474
93 469
185 426
130 275
140 156
67 359
13 347
173 265
31 92
336 339
41 279
353 470
241 361
191 273
227 503
203 475
103 217
158 206
108 194
71 134
9 333
173 222
37 86
183 414
60 294
171 373
375 502
115 268
403 504
36 368
32 74
239 473
385 502
148 152
325 451
8 127
76 399
190 360
372 425
23 405
381 447
115 349
278 280
62 185
107 217
55 265
202 320
392 445
162 252
197 381
26 377
104 148
35 140
443 494
168 329
71 112
85 144
77 407
260 275
17 40
41 176
81 161
173 225
334 344
257 369
40 308
184 260
132 220
132 400
407 464
373 490
66 102
224 239
402 443
1 387
361 470
294 484
338 500
167 308
61 154
4 139
386 406
265 340
109 437
131 353
29 478
117 209
8 296
361 458
152 207
244 364
241 505
61 208
51 337
134 147
342 417
77 109
304 346
357 419
302 477
15 439
367 416
79 438
273 300
53 283
86 353
17 490
127 460
192 444
170 313
37 431
391 501
107 289
183 316
202 315
179 371
398 434
221 421
407 480
346 444
157 342
405 410
311 348
62 219
195 324
215 491
48 271
34 376
3 295
144 266
115 404
301 476
251 481
433 499
7 81
221 227
46 411
198 302
278 498
63 164
202 223
320 341
268 501
52 473
68 405
359 366
398 454
219 269
79 257
152 469
7 131
218 313
10 458
2 445
330 465
327 455
196 228
269 404
234 366
3 316
117 378
125 410
204 451
19 423
214 276
114 302
43 131
77 443
67 252
135 277
49 423
453 491
288 396
232 402
265 330
422 467
258 372
450 452
66 109
149 283
139 199
279 411
117 119
71 428
94 207
92 379
240 451
27 109
8 490
46 493
82 303
195 468
305 473
86 425
34 356
62 123
313 330
99 494
265 269
262 363
145 371
198 203
82 322
215 322
7 456
15 479
262 343
193 356
295 305
45 160
16 41
3 356
124 179
240 298
84 152
158 278
402 450
218 488
186 297
110 465
141 322
86 154
172 205
149 336
452 471
43 163
199 289
179 391
194 485
145 261
333 443
406 510
251 419
224 289
17 203
340 491
26 120
295 497
297 443
139 394
133 202
21 112
302 373
9 508
50 375
406 443
241 346
8 331
116 474
190 490
186 346
14 437
137 153
276 369
272 295
73 141
30 89
304 397
172 245
225 401
263 286
53 229
53 497
268 425
103 230
151 480
318 419
319 380
91 355
432 509
170 339
130 210
129 278
411 424
353 417
197 308
400 402
414 477
462 490
433 480
357 483
365 503
45 491
19 80
10 84
88 316
139 224
29 184
40 340
235 275
98 430
228 449
131 165
71 459
142 343
465 487
103 473
339 438
25 374
248 458
332 499
266 311
283 506
33 427
101 280
154 473
22 386
46 386
115 175
304 309
373 504
142 453
267 483
139 487
375 479
134 414
54 228
60 273
143 238
24 172
275 284
61 305
93 205
325 351
361 371
6 22
373 501
361 393
37 279
108 420
245 354
183 245
167 361
102 110
188 474
7 399
282 354
415 447
400 425
102 119
45 233
54 395
346 388
178 178
155 245
165 224
89 352
269 445
407 488
214 356
405 408
249 447
310 426
204 241
197 237
68 84
334 368
23 312
285 393
159 222
144 320
106 161
95 271
234 508
209 315
174 399
444 464
392 504
12 162
241 474
57 310
14 276
215 348
168 410
239 334
66 105
38 138
122 300
304 382
116 340
46 491
324 415
428 494
117 464
135 295
7 467
310 314
209 368
97 447
7 420
196 499
328 365
246 489
61 502
92 360
159 397
12 94
335 506
75 112
188 406
82 308
258 281
119 232
354 379
29 403
439 454
84 210
59 222
318 376
379 404
83 332
18 66
43 369
227 471
44 462
102 509
444 485
106 256
94 305
88 378
14 461
253 413
66 354
0 222
52 213
225 441
252 431
109 188
195 497
111 141
253 336
44 406
99 381
322 367
187 269
460 499
55 220
220 455
312 474
288 356
171 211
19 428
135 418
2 75
14 127
95 460
415 505
50 204
250 439
43 304
123 237
130 306
100 158
9 496
122 222
190 493
20 392
139 420
14 50
140 501
110 213
172 444
334 395
211 421
97 283
11 504
28 487
56 176
174 497
173 475
127 235
29 87
53 213
8 405
44 486
201 259
218 497
243 373
105 162
45 480
367 413
104 371
258 423
275 333
127 190
291 294
248 261
241 248
56 432
379 500
263 441
321 459
347 359
27 494
185 414
43 327
302 391
157 401
91 130
80 218
112 161
335 415
1 24
284 481
329 413
153 381
71 378
59 268
84 492
304 322
40 455
156 502
311 357
25 163
159 470
216 349
52 487
42 131
97 190
109 342
35 431
20 203
329 433
106 279
17 169
35 204
296 325
256 262
167 424
347 471
187 223
122 464
41 439
181 368
264 405
44 250
76 408
14 43
138 334
170 377
106 465
411 445
8 66
58 391
199 211
399 440
100 346
402 435
85 130
171 341
410 465
209 460
200 252
165 380
199 377
378 484
257 346
62 427
81 150
154 357
128 456
23 290
217 436
62 442
211 356
5 372
354 446
218 388
325 494
232 439
216 437
246 385
272 480
55 367
183 289
103 129
313 394
98 411
35 475
67 327
40 172
158 218
155 486
58 182
42 211
405 437
215 254
394 440
67 507
66 423
64 191
335 345
177 400
216 343
64 482
143 505
271 328
337 433
35 268
211 386
39 396
62 186
64 163
168 498
225 322
36 339
125 170
20 397
224 341
137 239
386 404
191 436
457 502
473 494
33 84
248 276
146 447
45 90
73 157
152 436
140 438
77 345
187 416
36 432
110 430
145 432
3 476
196 212
79 366
214 354
95 404
304 425
23 121
179 401
203 271
80 392
209 376
79 464
269 282
173 228
79 290
56 307
26 268
21 306
107 494
25 86
229 282
235 437
175 250
77 372
50 84
52 397
156 249
192 261
106 421
299 303
11 160
263 509
24 324
165 403
53 177
63 477
12 187
290 399
228 362
300 484
95 361
46 203
164 171
111 473
191 261
147 269
32 416
51 489
13 332
183 331
266 383
31 250
73 143
70 175
30 470
300 427
121 390
333 401
245 388
73 433
27 427
106 335
124 318
177 251
38 195
20 402
84 188
149 237
15 166
191 294
283 394
19 200
144 191
109 219
103 283
140 215
188 477
214 324
294 413
167 393
33 67
403 474
262 395
87 112
78 508
142 288
64 151
128 247
77 107
136 508
247 445
112 308
145 395
172 262
346 505
276 452
44 489
445 507
75 227
273 419
47 104
46 209
396 463
15 467
248 262
190 342
13 181
15 81
47 185
342 426
67 419
22 206
98 365
192 266
128 162
152 374
254 282
247 382
261 358
155 487
182 508
229 250
196 312
58 124
83 144
232 442
210 313
257 290
280 492
164 172
138 262
305 339
101 168
458 496
171 494
119 260
381 393
375 488
11 321
193 240
145 466
409 463
209 337
96 335
210 499
202 385
96 434
0 83
87 409
205 284
111 282
134 471
209 390
46 259
49 271
21 95
252 449
193 467
302 312
318 426
133 248
83 152
132 282
209 224
337 416
330 451
42 353
39 365
86 166
48 197
82 226
75 206
1 245
128 461
254 506
178 353
32 203
144 463
225 301
41 129
286 467
38 50
103 384
222 438
52 345
133 246
49 237
321 436
191 377
166 458
107 251
260 503
45 323
289 310
233 385
218 325
321 342
323 361
17 457
196 249
111 177
80 109
339 411
295 311
350 426
2 495
195 369
117 348
171 177
282 503
37 348
232 409
65 73
163 451
75 296
14 91
265 400
42 62
161 372
127 134
300 455
357 488
1 63
397 477
71 84
195 358
233 485
170 191
54 354
75 140
198 238
168 339
156 469
128 275
58 78
195 389
353 407
32 441
24 367
225 366
264 392
58 242
79 200
159 395
151 229
254 429
346 398
303 498
141 284
90 104
25 465
190 501
343 374
272 285
379 427
165 474
35 391
183 263
5 307
19 87
6 332
196 436
474 481
214 313
44 326
32 400
113 362
83 227
356 436
4 212
291 493
13 31
46 163
38 318
2 507
198 265
67 177
129 189
105 258
72 380
67 398
20 210
200 230
119 282
231 418
377 380
275 463
200 284
184 384
422 486
16 250
216 362
178 385
267 309
230 255
270 289
208 352
178 458
54 240
276 362
476 501
286 477
264 415
159 283
86 297
217 357
78 279
320 428
108 183
55 476
37 500
73 495
339 418
146 161
166 487
85 265
203 225
110 383
275 505
281 417
122 459
78 144
41 390
41 97
198 234
99 213
10 143
83 263
23 408
238 267
102 373
189 437
25 473
95 133
56 342
84 174
111 414
202 225
85 304
82 503
13 82
45 51
328 440
51 158
133 368
169 471
112 368
95 219
51 274
99 347
8 237
59 66
103 148
251 280
122 282
304 378
439 504
6 317
290 468
249 346
213 388
346 464
12 204
255 467
131 333
80 174
75 358
226 262
61 234
55 130
80 314
116 256
88 190
141 214
249 440
281 380
80 495
5 161
141 200
308 398
153 243
237 426
282 397
411 509
306 318
169 467
430 467
154 250
331 356
222 385
62 93
177 489
326 496
167 254
22 329
44 295
188 335
21 497
161 484
66 89
33 291
91 276
314 502
187 208
327 477
396 463
342 389
164 170
106 334
227 386
365 382
102 125
122 326
24 432
353 369
302 451
190 489
95 427
189 416
247 423
198 348
414 419
7 24
274 303
96 140
137 426
201 264
53 356
304 384
138 380
45 160
194 376
269 332
191 359
351 352
253 445
28 477
254 471
358 443
177 308
218 279
130 497
284 440
101 179
379 478
216 346
365 423
0 352
86 249
158 390
177 399
258 375
311 346
10 462
264 347
267 373
302 393
286 291
65 252
334 496
287 476
347 361
173 461
284 383
212 395
73 399
183 498
140 387
58 450
218 341
207 433
340 393
187 355
229 241
369 424
69 266
308 428
14 258
221 312
10 391
269 273
31 259
116 279
2 467
167 340
353 493
455 471
188 473
155 491
134 162
23 246
48 134
251 391
354 469
364 490
23 62
398 485
30 220
57 231
62 307
307 477
222 429
75 213
31 489
55 278
31 451
111 428
128 151
54 230
156 321
138 191
466 476
49 63
85 267
183 377
288 402
248 373
356 473
66 481
264 304
360 467
79 250
51 288
155 156
117 273
164 323
139 453
10 258
357 497
258 288
262 487
168 195
179 354
6 307
278 378
81 107
20 504
302 364
200 450
256 331
88 273
42 490
331 384
430 432
471 489
168 409
62 240
174 454
144 158
443 470
296 429
87 244
222 317
141 475
314 507
40 436
277 471
121 237
389 487
130 239
87 420
122 242
430 488
243 290
139 297
67 219
209 403
9 272
23 91
0 195
83 465
140 299
146 401
194 425
37 351
0 490
374 445
353 357
77 111
88 221
294 400
190 415
159 190
11 197
123 237
6 285
28 488
319 467
179 469
12 320
285 312
59 137
190 326
12 455
481 510
163 341
170 430
198 457
173 295
385 400
36 128
100 465
302 507
271 412
312 457
127 374
180 186
293 450
365 401
224 380
140 279
161 364
49 286
360 427
110 239
74 184
193 497
386 465
178 458
0 67
114 151
39 325
137 262
386 498
100 279
64 362
197 449
231 310
69 242
147 242
239 314
105 310
240 349
29 435
141 151
213 451
163 442
406 454
14 231
178 409
399 426
114 462
420 462
216 216
405 450
0 457
312 477
278 365
125 494
352 391
191 303
38 198
87 184
37 480
68 319
33 173
81 457
353 481
139 333
72 415
170 387
28 408
142 337
0 294
126 209
3 315
61 236
56 205
31 51
63 384
32 233
116 476
392 449
120 364
145 242
226 243
317 323
320 346
131 272
232 396
280 479
489 495
27 370
142 329
161 440
3 175
133 350
204 224
38 173
77 113
57 290
21 192
141 216
243 311
70 463
178 277
306 468
369 381
116 117
55 136
450 495
246 317
114 446
315 396
457 503
43 74
26 306
196 505
363 384
368 417
11 150
272 342
119 386
248 407
421 491
28 326
341 461
115 393
340 409
12 92
469 490
29 338
144 244
225 340
335 465
203 320
324 465
66 80
214 434
264 344
141 441
1 351
134 359
115 273
51 449
115 241
28 326
137 506
168 385
143 491
86 408
171 253
28 202
50 245
180 277
262 304
245 274
116 245
123 231
230 377
169 444
350 445
304 495
167 425
149 315
21 434
171 421
102 118
242 463
156 231
278 408
120 332
335 447
65 271
276 346
393 484
280 334
214 265
296 345
263 483
280 286
73 99
240 250
287 483
10 326
253 447
212 376
201 446
192 345
170 381
388 472
10 32
230 265
133 253
111 363
230 267
137 167
14 494
271 282
17 388
101 201
263 413
132 263
213 261
78 422
219 439
5 502
86 165
23 413
82 218
11 265
320 451
125 169
48 56
414 493
39 458
78 417
218 228
396 491
189 363
378 383
151 474
248 427
155 445
51 91
317 398
14 425
184 339
53 388
139 186
155 396
219 236
98 199
143 239
12 385
132 341
113 130
4 6
41 453
139 244
28 362
167 292
8 481
13 405
217 450
51 180
1 322
355 366
208 458
122 500
107 383
17 171
107 463
22 76
107 293
131 299
103 146
217 388
294 499
172 450
54 501
245 442
335 484
378 498
133 399
33 474
166 304
263 270
106 215
159 227
273 475
121 341
181 407
14 97
105 296
125 458
262 407
106 360
138 421
428 500
21 180
78 349
267 306
102 177
62 151
50 444
288 319
285 502
458 487
150 156
105 288
138 146
170 471
250 420
85 326
271 322
47 324
114 366
282 384
354 410
0 50
395 403
266 490
69 376
248 455
422 486
78 122
158 371
221 287
477 491
191 452
39 272
171 237
131 223
48 418
251 308
189 320
174 246
164 452
4 472
153 331
91 379
58 309
238 481
448 451
219 335
266 353
454 472
86 394
1 203
354 501
257 450
101 307
77 292
227 435
230 442
173 187
361 400
174 251
207 318
259 361
160 196
158 336
210 479
234 406
243 293
206 403
230 370
251 385
17 124
223 478
311 372
163 197
70 363
51 76
225 375
84 416
101 483
64 438
149 239
3 107
226 500
194 350
134 441
9 493
185 188
244 469
216 264
158 242
130 469
500 508
46 178
56 152
192 481
126 379
24 329
363 448
55 405
152 189
123 478
76 292
117 314
267 439
53 75
1 5
235 372
98 298
346 482
16 130
332 345
157 433
198 289
174 422
25 182
105 500
50 282
1 180
227 459
5 355
255 438
176 490
362 499
25 476
3 148
47 238
76 150
371 410
281 439
100 145
291 462
154 242
255 290
12 221
86 350
417 474
103 429
386 433
54 452
174 409
36 66
317 475
330 404
361 450
117 393
278 500
245 321
89 272
282 444
320 506
132 298
299 429
128 434
55 445
237 478
295 427
218 394
297 337
68 190
62 168
251 476
63 399
38 118
66 66
497 504
39 433
44 215
135 378
249 367
89 137
377 389
42 493
167 480
291 494
298 498
190 268
11 281
323 421
268 381
44 75
232 402
385 469
157 170
417 434
71 397
30 102
463 489
477 488
205 466
432 503
127 350
16 157
113 331
244 276
251 386
223 374
259 321
187 444
34 362
132 391
216 283
22 90
269 365
304 425
303 510
264 501
34 401
144 289
9 408
404 471
90 483
298 392
128 328
51 264
104 351
304 439
390 447
245 325
205 308
36 390
164 179
401 425
95 454
371 505
45 505
2 43
144 275
410 445
357 388
225 423
167 246
163 185
193 492
231 235
208 213
354 431
89 462
161 214
312 412
112 229
112 172
43 250
152 353
57 409
17 358
49 130
229 307
104 108
202 413
103 434
131 414
324 442
15 406
133 246
387 436
320 432
262 264
201 339
260 322
162 452
328 503
154 352
206 391
48 202
353 380
170 483
13 150
50 328
28 156
94 366
146 330
92 302
348 360
240 273
139 153
17 146
4 343
143 457
310 312
38 272
27 407
244 357
2 255
46 178
16 438
350 462
148 207
20 294
290 403
166 337
124 171
219 328
100 337
84 181
133 403
16 169
95 329
165 495
277 445
45 455
269 342
153 377
0 442
306 311
120 150
307 316
280 406
129 333
95 461
90 426
417 495
112 510
5 75
195 397
288 461
316 393
375 468
279 393
164 249
59 183
85 434
71 88
86 474
8 467
218 308
160 214
344 443
142 228
236 402
160 215
192 415
57 186
334 434
90 133
20 497
230 421
260 270
222 247
278 375
98 470
0 263
259 409
275 407
60 165
33 343
11 58
18 99
116 333
150 400
116 245
71 75
343 390
39 62
355 470
340 350
60 71
69 357
148 189
185 345
153 440
80 219
405 462
180 486
314 333
131 501
46 121
453 458
46 114
320 341
104 455
0 91
251 369
65 381
100 125
202 436
246 304
181 370
179 350
12 115
139 390
196 276
112 255
183 322
13 300
312 467
82 419
161 454
78 424
29 272
89 452
236 444
170 383
182 288
143 501
367 373
182 184
34 47
362 381
78 316
146 198
53 440
77 325
37 129
85 502
361 418
135 183
201 482
41 169
280 404
36 431
52 201
182 434
163 164
379 404
50 501
228 461
381 466
135 345
269 319
40 239
5 179
82 243
29 483
273 349
136 181
22 55
35 488
26 497
151 418
96 145
354 360
147 270
2 153
50 219
131 465
29 454
362 484
329 387
259 498
148 317
158 486
84 208
301 467
36 467
232 435
21 277
40 457
2 297
116 315
104 275
361 422
282 449
14 362
138 356
327 394
97 383
143 480
249 440
62 226
151 329
103 227
279 433
131 473
137 407
402 431
5 164
89 295
33 508
208 455
358 388
6 186
285 352
497 502
0 314
300 481
157 309
143 294
34 199
80 358
362 502
139 356
116 489
34 274
96 352
176 320
358 388
45 445
172 257
39 361
32 319
82 241
271 327
275 321
335 419
268 400
156 421
241 334
58 374
153 310
7 369
213 493
117 319
157 447
50 394
275 327
389 472
399 472
73 121
433 463
91 391
305 455
280 374
62 329
166 281
214 254
7 329
30 105
124 210
247 510
365 406
9 346
148 174
237 290
63 383
2 309
291 458
374 449
294 394
357 481
233 241
61 116
254 510
10 104
273 404
69 276
40 134
40 359
136 480
120 344
61 253
147 288
10 465
138 505
129 140
61 137
114 331
365 367
114 219
360 426
94 184
26 199
95 286
236 503
125 510
399 457
26 42
490 497
161 496
68 148
50 508
249 322
23 250
101 389
51 176
43 104
122 383
68 452
174 324
278 356
206 438
110 163
250 407
228 276
76 197
393 486
166 211
304 309
13 482
169 253
331 336
44 122
320 442
42 479
26 235
228 460
107 413
380 423
37 85
316 450
339 406
1 283
367 500
14 439
72 252
56 376
147 500
333 361
181 274
272 373
2 412
373 452
400 504
178 369
337 362
22 268
274 502
5 138
219 487
9 154
35 94
187 424
72 397
134 274
14 64
47 156
131 391
63 406
431 454
41 220
327 402
177 184
151 446
36 169
134 487
189 311
172 267
224 327
82 464
294 447
59 342
161 255
250 365
166 370
321 477
8 127
189 216
105 199
181 322
117 139
134 197
390 405
22 355
142 291
287 368
408 447
158 476
154 381
47 425
148 434
398 433
184 370
99 350
13 126
40 254
173 225
53 339
141 180
55 114
37 423
149 352
252 332
15 101
36 233
190 232
150 321
63 337
59 430
8 254
132 177
58 271
304 316
28 193
213 493
295 362
247 487
54 170
261 345
196 395
324 433
43 276
164 454
84 304
44 388
118 316
119 390
274 507
215 421
58 84
265 282
59 148
25 341
182 290
134 183
444 469
153 353
348 355
157 496
75 393
277 336
330 442
406 417
292 503
202 415
4 476
118 300
238 503
95 463
134 380
115 183
76 303
362 504
107 131
29 124
100 289
155 461
195 461
279 300
116 396
85 357
224 322
93 286
14 468
39 334
19 404
75 316
162 190
298 423
35 239
92 446
21 105
185 258
67 93
295 486
226 256
10 23
261 404
60 194
189 204
139 334
7 288
292 499
5 73
369 427
155 438
11 296
66 391
72 501
348 403
115 277
428 500
182 440
396 506
249 256
320 327
4 362
314 469
195 248
300 311
176 475
220 455
468 472
292 509
215 321
170 409
457 506
301 421
250 264
122 355
109 379
20 131
377 404
110 253
107 280
123 390
280 315
222 427
31 251
240 251
306 410
60 137
38 286
19 364
255 301
210 266
118 340
122 308
204 301
34 348
181 475
132 266
176 318
77 111
179 275
176 440
329 375
251 488
86 484
128 173
186 214
188 322
56 338
134 157
35 319
23 443
4 207
287 476
454 467
45 156
256 477
110 177
373 489
344 461
90 163
187 441
65 464
363 486
122 457
172 447
122 410
221 315
101 453
322 499
1 106
62 116
144 364
132 262
177 507
47 416
86 140
231 258
130 314
215 402
70 503
138 484
103 197
16 277
59 130
155 281
69 360
177 221
361 384
71 136
232 368
249 396
331 353
29 134
157 306
0 171
55 449
188 285
29 428
348 463
294 457
132 341
71 86
193 409
64 145
186 396
17 356
148 418
61 239
216 406
100 283
134 325
181 445
223 311
334 377
312 417
177 443
58 210
178 435
139 343
382 400
49 244
79 366
11 291
284 330
327 398
233 364
126 368
437 451
315 393
217 315
66 262
261 364
71 206
52 307
79 167
44 382
149 475
11 205
45 310
344 398
155 310
19 201
65 162
54 356
351 465
330 395
35 124
443 507
287 314
94 102
25 121
204 368
225 350
194 415
42 323
162 223
154 182
114 403
35 266
300 380
45 252
68 474
43 338
281 499
7 31
80 154
82 466
150 400
463 490
36 393
5 72
99 495
28 491
32 250
100 455
187 435
162 179
369 402
25 229
18 436
268 341
32 317
287 445
120 364
226 411
167 239
251 440
82 355
29 325
197 415
173 440
261 293
49 356
194 463
242 332
271 343
101 386
156 461
20 94
204 242
38 94
94 123
260 439
84 427
109 254
5 145
92 363
37 428
203 409
318 450
134 398
77 110
223 426
396 435
60 249
87 484
218 338
374 441
306 422
27 159
257 273
80 408
248 488
6 230
109 192
96 255
15 275
20 142
128 259
27 342
426 507
4 80
198 274
233 369
367 383
385 479
71 364
1 289
287 415
26 200
392 414
45 54
312 485
375 376
40 254
85 494
195 252
45 325
