513
423168042 125287189 88890334 72052002 213829510 642896067 408716027 193402030 713956311 662478690 678092958 594327386 145687651 798891926 3607982 376996719 884725685 951183855 238214183 24547670 570093084 808979168 15803791 311206260 143199322 401356351 971302231 950659134 268900519 139156196 963239391 760380294 83240745 88308365 193569786 155852401 157311259 143250273 314469880 398004693 776508531 746687999 17966081 815128454 511276266 494031854 579499157 269648985 964701856 975328891 987113536 468972362 227933129 574772301 604090441 105330023 382099693 304120222 700902201 670692940 811755618 673175219 578877810 49448436 257751352 414670816 40714032 132434008 869048885 859788694 26110525 202145548 81131373 125638852 370138670 425140357 994662244 932415361 598429005 598118192 817880812 380969552 737608304 250520391 189545204 810318619 170198670 185063393 278329488 595761359 949625394 240950268 577197396 673712555 976823284 388711205 268335457 60751999 200339239 89316280 259480027 520705573 707416355 717917634 546899282 473798625 187119384 469430746 444998809 129461099 453836456 107188888 466366191 40714901 862757719 696320240 228987463 287411352 191306223 722215775 692838240 873714589 84939914 769230729 511976332 30419556 708178217 81064255 987752002 342001030 982344857 117796147 761121273 948313031 769871841 161727242 925188882 785738188 22531854 379228636 379416300 116157731 359038854 482009708 663392511 703220088 194956715 863604920 648069285 32880021 290176260 166873404 217229196 167029153 338933105 929924687 278818758 240491495 643681545 591897316 420364927 118617032 65657483 834627645 646824062 689676465 61821154 213205420 148452467 470965168 927348597 275597238 538849818 2803514 697021549 773100755 623529178 6851503 555600418 844589355 53952114 253559067 839622742 147598090 810123126 453187161 952779390 737031967 951729096 11653314 733845683 907426323 903915684 785075841 639944708 746363757 282246960 284511819 278510923 195050149 628436981 619266594 94524894 670273149 985392652 905188487 162813812 3625839 35728438 417417165 600596074 814958049 134979976 159175971 676013137 187186418 608094419 34532114 930833581 530614856 973181690 289652656 112539841 492568725 357876996 909046167 725981261 598744495 424274998 891381970 716167797 122193664 309078709 164086896 579346629 534118249 674920755 535419904 156323595 568823503 801105046 129081531 249683321 532816760 186753125 28966096 487908213 207417568 443018298 572944087 331409660 327125038 815556347 174637139 500709264 751487340 835657533 662374579 568424246 528454094 607856853 458844760 89197940 123740422 122132523 312931653 222799384 865713162 173321088 504321891 507939080 588843887 486229200 929790818 681871715 593983930 70897673 211330423 434097997 179117284 736348823 508811517 625847216 290794965 752226948 26611992 703451912 445628580 131498294 206810682 14456413 681062913 680259013 883198370 330649339 161534453 791498248 415659891 604213498 919421578 944386631 39692473 882011166 600968438 623950735 769646801 423413649 832201872 374601633 599313055 84961238 936012305 419839500 543083691 652980619 88031454 550066691 342673343 869630287 44622727 741977697 905176323 89375546 71964604 952962823 443169628 656151538 51485967 757625272 712213234 965301366 917005947 791998978 334692771 470524589 870228735 854102326 992703276 672115587 56998542 256399744 29682839 771518390 721946632 749405765 163848447 320614774 630584033 366835511 476358571 857746448 870163637 237988828 321506340 755362967 144328566 548917270 872967477 280253028 520007531 144508637 139857724 259549853 131245496 671997798 186860522 872151816 366156455 576759771 125960792 747243365 318566136 337853579 550313194 941320914 512984295 843795268 714706712 125560376 717613411 858734079 3612817 124216489 589607416 438511816 727260647 658473502 818090570 151159202 645111945 349512191 769130618 68972513 788291236 316805350 215329879 318138372 190042264 276656523 976633029 685438751 451074916 910287622 114990472 294534692 858659030 637003404 428287633 519594969 423126774 204180697 83312387 811366732 934889572 617175572 162044223 402712590 102462593 45280393 292974421 254298644 321664890 622405526 620143709 247542575 21546712 984684269 45793058 826687243 988051452 428476724 194025899 200992804 412681600 807235059 145277613 368893791 512905127 993060055 618262280 883235649 35896079 342671555 968536091 63957171 725745858 199570627 973258905 520645007 611794620 621861158 85388640 494136923 289509660 804727703 646842980 122928964 197929460 514510472 886576373 928655638 671965569 593456088 97089435 830872528 778207389 713267315 623495926 181269431 277656826 17096433 922413055 794965246 864546950 554980780 24940904 146115157 214190071 747173697 229096218 293358217 134346299 792082921 520310976 653517827 569484702 214997908 356693168 229486922 272975942 180975689 183029505 991766775 200863300 877642082 905659413 229058652 810814312 199110546 840547085 316682427 445288924 771895709 413752882 884306985 41909132 254187616 68621497 470857733 574297204 671997495 529371382 348845036
10000
211 401
111 503
8 388
334 369
67 224
290 499
297 456
413 498
89 479
128 153
62 65
430 473
142 184
97 280
130 131
2 189
14 72
436 469
111 245
37 427
27 253
140 189
352 384
162 290
216 250
257 442
171 329
46 154
124 214
144 455
16 61
139 480
423 459
222 369
166 393
70 227
242 291
19 454
76 212
311 511
115 281
139 174
163 213
137 262
195 267
238 476
95 361
96 245
67 355
343 471
40 206
297 436
3 252
286 480
153 182
82 184
226 320
201 403
0 359
229 403
286 376
40 267
229 455
64 128
59 192
300 427
248 441
227 247
213 511
130 260
200 370
170 324
330 403
198 486
94 462
18 433
114 252
138 385
109 435
231 442
338 435
429 467
158 510
158 186
12 385
100 158
123 436
57 280
94 202
94 336
227 233
219 354
339 352
30 113
47 109
151 228
163 430
209 315
294 352
30 116
377 467
127 410
107 137
216 503
17 454
215 407
232 342
197 281
57 294
65 432
306 369
3 242
52 177
86 501
70 467
277 301
184 294
333 376
153 463
236 407
359 504
179 258
95 440
306 387
75 195
321 477
4 137
243 321
10 492
24 203
139 140
34 197
199 351
172 342
234 296
152 335
274 505
150 483
181 372
272 278
86 493
290 505
73 99
28 510
141 493
15 315
257 356
282 336
165 346
12 110
195 376
130 213
331 350
201 274
140 363
104 310
34 263
189 251
418 465
83 255
14 47
0 131
150 343
136 270
225 350
20 446
23 126
26 331
67 245
99 212
148 165
308 455
311 402
249 394
159 334
206 475
173 249
8 477
356 361
110 197
69 298
118 485
27 186
3 460
224 283
118 427
385 464
130 271
71 117
173 350
64 248
268 510
144 367
140 190
153 238
152 416
146 306
402 461
29 338
206 271
235 503
140 490
303 468
160 409
197 490
275 458
128 222
70 401
55 94
106 220
17 188
112 271
340 385
366 458
145 428
422 496
223 385
99 120
130 188
143 252
83 497
48 156
18 505
187 441
95 160
101 242
12 243
44 130
83 454
39 508
188 393
238 426
298 465
24 417
238 492
229 440
145 421
20 309
5 328
53 264
138 232
197 254
101 417
192 377
125 338
391 394
207 476
217 243
44 312
363 387
303 467
122 172
145 199
476 510
178 415
47 172
41 145
282 319
191 230
110 423
156 264
322 512
410 475
11 95
292 428
152 464
75 301
314 383
178 225
317 470
135 303
32 75
259 435
85 508
260 376
304 450
78 154
180 373
79 497
353 408
105 188
111 168
62 247
96 487
189 394
221 381
86 426
95 320
287 460
380 509
225 397
128 162
111 189
44 111
456 477
291 485
126 481
39 79
121 180
326 484
264 471
385 509
54 445
221 458
244 273
248 400
338 497
181 373
170 179
362 485
421 426
47 380
98 254
250 257
378 410
245 416
18 18
197 283
139 435
38 182
10 272
135 403
69 93
9 468
18 104
271 481
153 317
13 315
293 415
303 435
160 499
125 326
484 504
136 354
4 331
220 308
170 448
133 301
24 417
265 442
322 409
156 428
6 341
102 342
78 153
259 292
96 364
146 189
169 437
322 406
388 405
410 502
47 78
406 477
91 328
265 308
46 250
292 293
119 330
151 504
45 423
146 252
121 363
116 429
5 310
133 450
211 337
1 384
104 111
198 233
382 466
39 242
6 336
69 210
12 355
212 229
115 399
338 474
196 504
322 360
64 372
308 441
13 264
176 363
92 375
56 339
137 410
149 214
2 483
1 9
149 214
255 456
11 197
145 408
39 266
158 430
82 220
74 285
57 353
128 199
109 223
104 336
12 106
207 265
475 509
273 460
201 351
261 277
0 361
56 490
114 212
242 263
209 440
74 123
210 225
27 318
31 151
34 76
101 504
167 261
195 311
63 405
52 422
143 419
224 230
27 506
389 455
239 388
98 449
246 387
202 480
401 456
9 399
176 497
54 127
138 185
91 405
29 212
254 421
155 377
343 475
270 315
48 253
363 456
56 272
65 231
367 440
92 246
147 380
156 433
22 129
196 385
11 338
164 412
401 504
117 471
120 264
92 176
296 407
270 493
181 215
156 480
318 370
276 325
393 469
187 354
274 442
359 425
103 127
125 175
143 293
31 236
61 97
185 451
63 320
139 191
97 278
66 91
61 487
436 495
241 334
36 65
207 388
234 251
335 498
172 419
235 487
91 355
92 108
271 454
150 336
161 310
242 461
319 445
218 423
185 344
34 465
274 353
178 385
14 306
80 208
30 256
55 248
23 145
250 401
252 471
79 276
102 262
182 363
75 138
260 451
168 416
225 492
380 405
304 438
126 365
286 471
223 280
108 511
145 280
206 345
270 290
175 369
40 264
30 421
229 367
210 244
341 433
76 490
40 215
214 302
164 296
409 491
102 234
91 273
303 466
193 196
188 330
402 406
278 410
136 297
28 416
149 331
76 164
25 370
240 354
33 128
248 420
4 476
35 260
262 444
60 177
280 511
389 496
223 234
262 359
401 421
144 499
27 351
39 157
53 138
108 192
49 230
35 299
341 372
217 250
188 283
471 507
417 431
453 511
292 367
165 292
170 377
103 140
103 325
346 358
108 436
235 459
49 319
282 442
30 181
177 366
0 357
1 302
59 317
68 354
0 476
147 344
213 279
183 419
28 408
211 400
366 374
36 388
84 350
186 270
186 423
271 286
352 508
48 72
28 384
137 337
291 485
264 323
70 293
228 410
358 365
279 312
333 424
420 476
31 394
25 292
214 429
443 467
297 323
140 156
275 483
45 119
365 439
331 385
286 425
352 495
352 400
356 375
276 437
113 461
264 353
53 277
312 411
51 480
258 398
128 435
113 468
317 331
91 324
154 357
90 502
60 201
150 281
182 477
27 428
240 423
116 221
41 358
402 474
134 414
41 101
91 432
124 378
56 107
388 451
285 396
65 296
193 312
34 338
6 217
94 297
93 417
300 422
40 231
41 416
46 480
44 132
14 509
10 447
98 338
140 374
45 121
325 509
66 87
2 429
389 458
311 501
227 339
188 391
214 314
237 486
184 211
459 483
171 315
274 508
203 249
99 263
120 321
205 238
218 448
142 165
308 419
215 501
404 478
113 488
78 417
369 421
113 252
79 221
221 442
90 499
148 508
173 228
17 377
157 380
40 430
63 279
164 426
39 349
319 393
132 144
68 293
16 283
400 489
160 459
45 87
245 365
276 499
119 381
279 487
414 416
385 396
121 419
13 387
46 264
357 487
14 180
159 166
414 483
142 361
66 396
231 512
149 482
177 264
173 509
331 477
63 230
292 355
191 272
89 409
170 474
212 229
26 165
193 426
162 492
0 314
32 251
44 396
392 393
139 317
67 418
32 44
88 411
31 485
230 439
125 392
471 505
378 505
28 270
109 421
263 398
104 171
330 476
168 208
44 474
139 317
151 391
269 511
126 445
32 486
1 87
323 447
188 213
18 207
234 344
326 457
180 223
68 74
44 363
194 316
44 96
51 419
354 415
173 222
59 231
269 274
147 420
333 497
87 131
48 285
119 492
27 302
44 459
234 318
68 499
187 361
77 359
388 458
1 485
219 235
435 502
1 266
311 439
25 171
41 408
258 334
195 510
448 467
311 473
212 383
43 176
43 230
377 479
1 466
25 469
105 288
63 415
297 329
87 115
446 498
119 486
259 278
51 87
87 411
221 319
230 308
355 401
144 505
52 448
371 453
45 364
61 374
17 505
55 346
103 153
110 257
115 337
115 262
137 340
209 285
65 176
89 493
154 410
66 210
133 243
34 506
103 168
42 150
414 508
102 302
219 423
114 240
442 473
14 350
317 512
109 287
342 483
197 274
119 316
443 446
176 491
350 487
209 326
182 395
260 269
251 258
2 188
152 345
148 435
139 242
252 380
327 470
5 173
121 405
56 76
501 503
28 275
205 215
69 336
248 508
335 429
244 313
28 198
133 225
291 512
334 339
23 299
15 461
215 262
83 114
316 433
143 181
77 248
64 371
66 349
200 444
269 481
27 341
11 456
207 386
326 476
73 212
125 455
233 363
101 373
324 479
105 155
174 404
96 271
67 510
210 435
349 435
340 448
241 328
209 379
67 308
205 392
142 406
29 193
382 466
207 428
133 224
234 394
361 392
98 219
303 327
301 313
129 492
105 366
7 487
20 126
264 316
116 363
191 375
170 345
317 353
342 389
276 393
414 454
69 337
157 396
266 446
213 337
6 254
124 265
197 343
150 233
269 285
183 210
81 500
187 277
338 375
139 181
272 375
69 324
38 427
296 505
138 314
271 286
123 357
150 442
2 399
410 504
320 321
149 366
239 443
97 313
409 414
375 458
201 510
137 290
228 266
317 460
17 319
31 180
52 350
372 473
153 374
163 450
63 430
134 471
200 257
282 357
206 506
20 484
255 477
298 501
266 287
35 339
302 474
333 361
209 243
263 295
174 401
390 405
361 451
146 297
264 267
92 93
373 396
40 141
74 201
75 227
115 302
500 504
71 234
161 364
81 418
57 428
412 498
110 350
246 331
302 395
207 473
160 501
131 363
37 457
82 131
286 420
289 471
222 356
14 377
285 382
161 464
381 474
224 361
252 367
268 476
44 54
83 150
47 178
16 406
59 408
88 136
83 487
73 338
208 508
268 497
42 483
273 510
92 433
162 501
75 315
418 484
176 377
19 219
165 199
158 435
6 281
72 425
67 179
347 365
158 402
156 456
132 363
207 260
247 331
96 304
319 400
0 52
281 287
33 62
51 106
136 447
177 475
293 434
198 270
355 485
29 279
325 409
233 337
294 358
91 339
59 71
334 426
47 76
239 492
37 126
288 415
198 252
211 477
15 95
300 330
80 244
257 492
163 319
129 266
26 367
12 93
40 415
20 379
72 377
15 109
231 388
230 295
9 90
28 433
19 74
351 393
178 273
304 411
30 441
400 425
4 446
134 329
182 327
388 464
480 500
6 216
81 456
285 341
129 374
89 194
102 510
135 365
79 320
193 212
226 259
122 441
178 323
405 507
37 381
148 413
42 234
53 493
100 457
110 387
141 222
149 149
37 217
25 254
58 268
38 264
343 428
214 472
33 250
28 212
209 273
119 232
285 507
1 227
232 350
48 49
272 429
98 267
78 404
321 371
5 377
75 189
24 29
265 488
217 409
266 421
111 187
167 210
174 292
406 434
281 441
150 325
93 278
25 502
155 454
182 277
157 190
305 502
241 337
52 456
48 483
128 488
34 152
341 351
84 166
488 508
114 414
165 311
204 426
113 505
401 437
124 511
103 178
81 378
242 506
205 405
133 167
380 461
28 224
151 226
268 351
26 105
98 389
445 456
281 362
150 444
214 233
59 148
196 424
8 163
247 364
375 493
109 248
100 391
330 461
436 436
413 452
370 447
147 417
48 106
248 451
134 185
207 222
268 351
76 221
282 410
146 355
112 452
284 387
284 315
57 141
263 363
118 453
73 121
244 363
116 133
144 474
17 230
202 236
86 471
54 319
73 277
176 445
152 398
42 170
186 304
154 413
309 450
63 186
188 242
181 332
34 158
379 420
372 376
86 437
189 359
83 156
442 467
200 337
94 297
12 182
154 440
133 190
214 255
195 507
218 469
315 420
293 294
6 228
7 201
35 252
85 309
30 162
291 410
119 294
126 266
176 471
268 400
107 173
144 335
214 380
315 336
350 415
224 441
118 260
60 310
177 355
235 238
252 258
100 132
196 330
277 488
83 286
44 359
184 319
205 409
93 166
170 476
3 379
230 505
10 46
226 381
107 422
157 509
98 503
125 197
101 106
43 50
363 451
159 205
248 456
255 400
162 495
43 197
38 50
322 405
83 394
366 442
285 459
22 291
429 430
462 470
211 342
219 453
214 461
239 336
279 426
53 426
118 375
451 452
91 285
46 226
181 193
430 506
169 370
272 398
329 474
62 238
79 202
21 124
270 477
66 107
130 147
158 207
335 460
366 390
280 380
393 477
0 338
145 407
222 362
232 293
66 185
440 512
189 464
38 259
22 47
195 500
89 196
258 339
71 431
54 87
136 235
288 500
151 263
40 274
29 348
273 434
383 464
199 241
274 287
183 294
48 145
111 210
66 483
206 438
140 328
38 85
75 295
193 442
179 511
169 273
124 136
79 304
420 454
62 280
172 201
235 471
100 468
26 303
308 452
70 501
100 113
35 468
95 246
146 201
309 346
124 174
310 414
194 485
58 213
156 415
447 496
459 469
74 144
94 306
217 404
163 341
56 243
31 93
163 378
332 494
332 376
113 162
182 329
197 391
169 454
159 289
64 176
57 301
9 295
42 457
224 408
213 223
148 270
56 102
202 396
438 486
305 449
145 424
436 457
174 313
134 286
293 339
44 154
38 330
91 348
343 408
148 398
231 377
48 174
107 186
200 356
218 433
59 65
102 483
161 302
252 413
295 505
86 221
108 360
81 258
294 328
12 466
55 185
41 450
153 428
79 204
22 460
294 495
25 155
119 231
382 487
282 465
387 477
294 500
273 379
188 330
330 379
291 428
60 250
132 379
17 268
144 334
40 411
416 488
10 384
89 434
56 314
213 371
39 75
359 372
349 443
130 493
113 116
83 437
193 340
45 220
154 246
86 206
248 430
199 392
366 394
292 509
76 298
352 488
368 412
12 18
323 433
107 449
46 499
330 503
248 299
367 473
74 107
174 456
220 274
0 497
161 416
89 372
238 318
76 154
298 477
96 269
255 370
271 497
8 192
103 408
83 413
215 345
487 497
349 352
164 365
111 215
39 277
176 341
9 206
151 490
236 307
88 158
97 202
237 251
343 496
320 484
136 282
21 360
11 357
182 299
230 270
121 420
339 477
212 428
200 393
334 461
209 509
138 489
332 414
436 451
243 391
308 426
141 439
59 325
144 172
76 402
73 263
349 416
180 334
328 451
223 500
215 354
281 337
159 236
184 375
152 157
162 324
0 354
20 39
159 476
417 506
39 282
316 454
258 340
297 424
36 45
102 351
18 504
14 172
114 257
78 497
130 396
284 473
152 162
141 394
7 361
125 132
265 407
112 348
272 479
60 170
188 470
373 479
388 427
278 321
172 448
393 497
54 171
220 254
45 393
20 355
174 448
79 379
65 450
271 284
228 385
281 489
308 383
105 454
217 346
103 474
148 272
37 208
146 287
281 439
247 425
65 140
298 381
97 315
36 153
27 125
175 417
116 225
313 404
333 447
89 306
201 320
348 480
39 302
235 302
260 296
173 369
46 473
285 340
130 439
46 445
226 432
71 493
16 251
249 356
343 385
16 78
186 452
55 476
496 508
209 390
302 468
215 435
111 323
96 376
180 198
209 290
263 264
328 452
198 341
101 155
182 311
45 165
373 434
163 386
150 186
231 490
226 406
91 94
91 411
230 245
139 157
143 346
279 419
305 506
0 418
338 408
39 160
131 330
125 339
1 445
72 218
80 272
443 485
119 333
163 488
131 153
84 467
63 272
343 463
263 290
64 142
151 445
56 143
284 493
234 471
292 469
145 295
343 471
282 317
328 343
16 256
294 459
173 247
127 505
457 466
306 398
56 172
25 233
299 447
90 373
351 379
238 243
165 320
133 234
87 490
120 347
28 455
107 233
225 230
46 97
41 477
145 242
101 498
94 261
458 461
191 387
344 411
484 487
51 177
237 331
18 365
26 453
344 354
185 409
198 369
92 331
25 422
100 303
23 444
356 477
89 265
186 458
141 346
492 505
160 214
216 381
9 69
472 485
108 364
293 305
473 479
6 436
38 230
426 451
164 356
1 173
127 432
36 489
258 275
82 493
8 350
91 408
246 314
118 263
39 217
105 319
22 90
207 356
346 408
17 25
1 353
136 390
38 316
262 320
226 317
198 481
355 506
200 238
189 325
326 390
258 435
385 392
66 410
27 299
345 421
53 459
324 400
80 325
365 466
16 369
253 319
5 83
91 150
209 305
283 504
14 281
230 298
64 80
37 322
284 413
345 376
37 328
330 362
37 496
273 393
114 310
266 274
96 492
299 495
333 418
179 399
170 441
171 378
87 316
103 382
67 443
352 436
193 196
306 385
194 337
5 102
125 371
56 312
123 475
322 487
104 431
18 177
357 483
184 255
350 374
166 382
130 158
37 506
30 34
39 164
200 258
196 449
284 360
189 277
362 443
300 371
438 484
257 398
146 229
310 485
411 462
320 327
92 454
184 357
97 134
138 408
193 400
133 390
247 453
467 498
327 441
38 452
42 335
159 390
145 283
98 497
61 124
171 341
305 396
149 473
43 437
263 342
267 369
289 406
29 128
483 501
395 483
37 239
300 443
355 492
38 49
221 277
103 300
437 511
266 336
0 232
64 250
248 301
213 507
305 400
208 470
110 260
133 285
326 379
69 327
86 172
369 409
253 278
367 431
32 272
98 154
155 300
104 217
272 428
181 486
71 163
95 318
321 350
128 356
10 256
267 470
42 352
302 481
184 217
23 460
275 288
221 509
341 427
60 344
98 252
315 374
42 90
300 468
288 448
161 304
37 124
135 510
253 460
456 470
149 352
65 85
275 378
39 237
166 357
330 490
35 444
233 333
205 278
31 509
252 327
85 331
300 353
466 471
121 219
380 411
86 397
312 334
400 512
11 53
268 439
51 394
382 496
186 405
387 410
71 275
195 272
228 434
172 210
19 501
317 452
111 479
451 501
9 467
268 278
6 381
327 491
123 500
291 321
421 486
493 496
48 258
183 504
75 497
107 304
291 415
129 207
150 438
1 327
380 444
279 387
327 401
143 268
368 453
449 491
353 442
26 64
157 497
327 414
147 213
93 166
76 305
146 184
187 314
220 409
52 100
80 91
83 495
31 435
312 374
89 507
2 377
58 226
130 202
147 319
290 455
271 460
44 472
120 505
214 506
38 238
486 500
125 338
88 453
371 480
151 374
257 493
89 174
296 488
318 406
321 337
148 289
386 476
197 346
40 317
103 160
57 254
34 132
207 252
182 206
6 313
90 238
123 476
63 228
48 155
233 289
51 324
175 424
322 418
80 482
174 341
149 434
70 383
46 112
37 134
197 448
436 466
167 496
290 365
93 388
87 194
42 387
163 471
123 180
185 407
369 478
357 468
106 409
205 243
309 486
109 191
37 355
66 484
312 335
43 244
71 260
430 457
98 473
104 199
112 275
75 337
263 264
151 225
174 245
142 176
27 178
162 252
11 116
76 220
199 512
383 469
93 377
16 320
22 200
291 356
401 426
41 90
139 354
240 456
33 391
133 387
215 336
97 510
138 285
71 93
253 292
22 156
69 448
94 471
417 492
195 325
47 447
36 469
202 326
32 287
81 217
63 377
163 271
75 370
246 479
85 186
9 216
233 427
429 455
318 504
260 326
103 451
263 506
301 376
29 289
183 270
150 292
362 455
147 489
157 160
37 58
163 167
214 504
95 385
175 405
262 420
7 388
486 493
248 326
3 111
74 193
43 392
253 491
199 284
31 153
256 445
123 148
124 386
286 470
107 312
15 176
4 73
76 472
422 437
280 299
17 114
31 65
366 492
17 491
56 414
95 301
67 320
374 450
177 458
231 292
81 386
247 373
290 471
98 495
121 200
89 487
42 506
282 478
392 435
45 376
94 318
54 421
472 493
36 310
161 364
370 422
104 473
340 392
85 428
152 427
49 469
52 293
155 361
74 344
300 411
31 337
237 325
198 338
80 239
87 277
264 320
29 143
215 364
298 357
332 424
27 333
162 361
118 243
27 459
140 156
289 509
201 456
68 181
177 264
203 249
86 123
1 51
116 407
100 294
146 490
64 158
1 326
122 342
44 81
283 418
12 208
356 374
106 114
219 264
120 189
344 405
126 330
28 255
133 272
127 323
167 442
80 348
184 381
93 436
45 105
82 263
67 188
206 489
394 398
234 403
31 243
60 459
52 365
408 462
181 375
77 191
24 120
318 472
208 360
420 496
16 189
97 170
401 501
363 480
209 297
71 393
68 185
239 245
263 434
73 466
91 416
166 438
396 496
149 475
91 148
406 409
55 448
341 395
196 371
82 420
165 395
384 390
154 479
218 375
372 377
245 263
40 341
53 449
220 331
352 418
285 286
295 482
197 341
207 271
85 420
377 431
195 275
146 241
67 497
61 416
203 425
35 376
1 116
404 421
260 298
112 311
391 433
29 209
107 189
17 381
269 335
42 63
0 350
47 221
182 239
252 447
50 324
289 449
282 410
250 383
173 511
254 415
0 298
173 510
94 114
277 490
370 418
273 495
210 478
61 92
295 300
92 193
286 486
128 403
175 299
49 474
362 502
192 359
230 433
174 459
85 395
408 507
45 315
424 483
217 483
20 195
65 383
262 355
207 244
10 305
111 343
197 332
196 491
83 469
118 346
27 145
306 509
346 446
63 509
315 447
47 178
292 495
11 213
258 308
240 298
19 259
208 399
30 438
15 345
62 414
9 207
110 166
395 505
61 217
464 499
74 486
37 255
472 472
65 135
43 455
113 210
371 383
128 421
90 181
290 354
86 386
7 511
50 212
16 267
121 248
451 503
337 461
159 231
72 476
230 498
95 227
345 407
102 403
141 295
350 496
256 425
95 297
312 452
86 282
261 310
265 504
21 309
381 474
100 405
155 272
243 382
13 150
214 360
168 466
69 234
130 143
474 506
61 102
266 330
200 316
407 444
80 504
476 500
46 271
67 199
23 469
300 511
430 504
14 234
356 396
213 301
100 329
196 460
372 499
144 374
301 387
176 229
124 433
225 454
57 108
181 248
201 323
120 134
432 439
20 180
342 447
351 435
59 315
99 360
13 142
22 450
50 175
122 312
19 314
55 271
2 138
339 374
99 436
191 508
275 399
438 488
0 140
83 476
88 167
183 217
198 234
232 268
297 466
11 486
44 277
140 193
259 276
54 62
403 432
8 52
118 475
18 101
354 457
185 415
458 501
95 184
124 207
211 443
9 295
156 192
20 216
46 375
271 476
1 242
124 467
45 287
20 260
6 284
147 452
19 291
190 493
52 147
297 429
52 163
377 484
306 449
435 442
278 348
178 247
15 129
417 431
337 424
248 479
14 37
122 455
252 345
223 355
40 169
71 180
184 339
273 426
54 358
31 111
103 125
15 175
233 397
60 473
20 176
80 432
273 443
356 488
184 480
112 289
68 411
234 250
210 247
18 397
219 296
147 330
354 398
40 212
174 398
35 307
297 368
45 352
148 213
443 489
257 343
96 398
170 463
129 352
322 423
407 502
235 499
249 468
186 302
15 367
293 414
263 458
82 489
20 450
84 405
1 421
219 430
22 182
138 504
34 439
118 282
369 454
99 450
239 468
111 426
23 489
48 187
45 311
155 358
387 420
33 378
84 171
149 445
146 419
281 486
9 89
288 388
139 211
179 454
66 230
240 370
117 508
0 18
95 166
299 505
130 400
24 347
109 374
11 415
57 446
335 347
32 90
15 466
111 401
5 32
51 340
251 425
219 266
107 235
29 178
163 454
109 370
319 408
44 50
22 339
321 429
48 147
63 159
214 317
107 370
199 347
137 485
203 362
23 474
379 427
119 280
463 492
14 194
87 288
3 375
20 54
89 218
2 426
59 137
91 145
7 384
412 439
225 319
46 249
459 488
323 469
468 498
266 406
153 211
272 409
16 501
184 236
308 429
280 342
129 433
341 359
80 297
120 377
288 341
2 177
72 153
266 431
253 365
205 385
188 286
105 356
154 196
465 499
309 511
35 144
312 474
28 90
9 97
360 413
37 338
378 427
61 347
12 172
406 498
480 502
2 324
84 326
47 476
178 475
46 203
409 456
114 363
124 321
407 467
445 465
76 470
98 488
40 366
19 451
54 418
2 264
29 102
131 294
106 213
2 138
295 360
350 413
133 429
81 309
97 411
172 499
182 191
11 432
219 321
16 500
307 444
11 416
194 243
71 327
147 257
162 460
9 317
406 463
181 219
209 310
62 137
94 179
108 234
88 167
56 342
162 266
162 189
32 116
155 418
246 257
45 47
134 252
44 511
85 446
128 231
72 112
241 497
143 181
138 336
177 363
288 412
89 353
18 232
130 322
229 488
1 87
226 449
212 226
429 470
351 458
47 120
5 28
111 484
294 466
315 403
180 316
292 446
221 398
15 96
217 335
312 503
290 457
417 437
264 392
384 450
241 352
126 425
127 490
379 483
457 468
459 459
87 438
344 404
157 496
112 115
166 507
240 335
38 345
300 474
84 374
11 360
154 315
87 339
325 406
71 89
99 311
17 197
217 346
188 405
139 154
117 262
306 434
44 61
217 425
218 286
60 426
90 263
367 425
189 440
112 296
135 456
5 464
56 260
52 151
337 410
190 450
165 395
201 414
52 419
102 303
144 362
119 163
415 421
150 228
64 233
153 433
39 442
66 141
492 493
329 403
227 258
228 247
87 201
43 105
104 201
443 452
379 421
53 178
214 215
132 383
143 246
98 486
108 371
204 210
342 476
381 441
88 461
33 167
64 167
212 267
212 387
63 348
354 504
313 401
8 215
98 346
129 299
160 433
93 437
448 487
374 457
57 451
230 435
206 480
215 385
412 509
26 95
349 420
122 365
133 287
0 226
35 162
10 111
115 510
132 294
66 316
87 156
191 473
323 506
325 510
52 323
63 437
185 495
188 209
316 424
27 446
6 141
379 382
184 408
56 149
392 469
81 287
134 361
174 486
17 272
43 395
317 401
163 483
118 408
239 361
141 317
90 307
122 369
340 432
286 343
278 373
111 124
215 494
127 277
154 340
29 434
344 400
157 256
229 370
243 264
26 72
298 430
16 480
138 299
35 276
297 491
328 342
168 504
42 195
141 403
333 460
315 401
226 322
25 404
51 170
318 469
223 318
192 233
117 174
381 473
2 105
179 273
78 123
3 83
452 483
328 466
353 421
9 30
407 436
343 466
249 391
135 416
111 194
159 471
234 453
194 397
152 281
49 124
391 431
216 411
25 334
50 305
64 163
95 232
241 436
64 227
443 510
152 310
111 151
75 231
257 367
106 194
292 351
169 292
10 314
53 225
10 263
309 367
115 298
57 359
61 473
38 348
242 484
255 436
31 211
55 58
180 224
30 389
218 370
394 463
340 502
52 413
370 414
169 463
88 488
214 482
216 376
286 476
182 300
11 34
269 297
80 226
141 194
407 511
50 220
63 168
61 282
107 145
294 498
233 301
38 462
289 301
132 302
240 298
164 442
93 122
359 431
51 144
376 476
295 460
42 325
3 78
273 371
39 413
356 453
70 136
334 407
56 366
13 380
17 129
70 337
35 357
92 390
169 345
10 161
283 402
105 337
83 505
26 178
284 300
202 461
259 384
5 486
269 400
126 453
75 416
203 357
5 481
62 194
65 473
159 239
0 141
248 317
183 192
32 52
32 68
494 508
303 441
23 292
36 499
453 489
315 385
210 254
246 277
207 285
453 508
33 436
160 305
290 383
390 419
132 333
139 230
252 463
455 460
196 456
215 266
303 458
426 447
39 105
78 364
276 387
149 342
217 436
287 461
172 327
138 393
208 333
253 392
21 335
86 319
221 413
88 327
139 406
73 203
16 384
71 474
131 185
280 431
38 339
140 184
145 301
141 165
224 258
246 328
69 460
194 285
77 442
1 36
94 243
28 339
350 395
188 328
387 454
289 378
14 181
53 119
366 380
465 467
57 498
150 318
150 492
88 187
54 377
172 466
179 288
311 328
7 215
372 512
343 495
197 251
245 512
212 340
174 473
320 352
242 495
135 153
161 313
175 218
241 403
151 370
29 437
85 166
388 469
93 140
310 473
258 484
24 444
111 127
202 456
152 445
99 136
321 378
410 511
297 465
229 437
242 315
292 387
262 306
265 421
29 372
256 462
116 468
196 196
6 18
117 512
52 242
75 276
26 108
390 497
433 435
180 342
67 167
287 373
129 216
305 416
321 358
90 225
102 341
298 429
113 417
310 390
185 438
15 291
100 400
284 332
159 248
243 317
136 218
160 441
431 497
38 305
208 434
267 395
154 161
54 186
311 389
194 243
41 122
97 344
215 307
284 338
226 466
260 275
136 255
385 484
6 398
293 357
209 487
93 366
205 398
37 128
163 510
35 121
137 295
62 189
200 298
12 105
34 474
131 230
328 374
123 498
391 423
92 469
159 481
357 404
32 359
304 484
32 465
482 485
186 385
346 451
391 489
339 484
157 502
157 492
233 479
102 393
317 408
418 489
142 354
3 103
108 396
104 113
11 219
154 311
443 447
7 353
102 465
311 391
13 163
272 381
407 422
188 311
350 488
17 426
295 466
162 296
10 257
172 206
90 241
89 339
15 253
23 458
413 436
282 311
184 256
162 278
312 338
349 432
59 114
57 331
168 395
224 481
289 463
187 354
159 247
115 156
153 407
166 204
198 340
350 403
137 506
276 490
108 396
382 461
133 377
23 60
186 209
36 117
198 502
131 204
6 250
325 390
97 124
335 414
119 509
19 423
406 483
43 304
306 357
23 494
126 454
65 130
32 237
269 339
67 270
238 315
246 300
316 383
459 503
56 156
331 460
102 105
244 415
218 306
357 418
132 306
53 101
216 467
204 502
446 487
147 427
117 507
53 73
211 396
262 379
406 505
260 300
253 298
255 424
188 315
294 343
287 503
231 416
24 352
85 341
214 489
58 118
473 478
155 291
170 491
396 477
75 333
179 182
182 410
7 164
103 467
238 299
170 271
250 477
16 493
168 421
311 356
177 213
173 498
236 382
330 442
91 212
250 352
115 349
140 312
46 320
145 200
106 139
4 384
227 373
53 349
134 491
447 460
175 208
200 474
376 485
151 382
19 456
188 407
152 353
300 450
347 386
12 126
193 478
404 405
129 362
103 318
26 331
228 349
69 121
61 159
144 369
213 376
139 364
454 492
124 332
34 435
12 167
274 492
190 348
257 381
445 453
149 155
16 250
366 479
69 383
165 323
357 395
212 393
213 389
200 491
178 185
25 392
223 415
93 272
440 467
375 509
8 435
124 263
12 315
275 337
67 268
182 343
31 104
311 439
368 388
59 161
158 508
19 84
30 111
76 476
254 257
266 363
143 464
38 217
10 456
87 281
55 396
174 217
132 364
365 404
415 476
31 153
92 497
197 323
249 429
21 470
166 496
220 415
31 466
1 43
166 198
111 499
304 501
156 203
31 433
176 263
132 140
72 489
313 352
18 113
383 475
73 497
69 84
105 126
328 511
212 243
40 183
86 460
53 243
128 179
471 512
24 484
52 212
409 435
171 451
388 431
221 274
259 364
413 488
60 380
24 310
8 129
332 464
159 336
388 489
301 443
40 148
320 350
326 487
98 282
73 456
262 328
177 452
162 463
57 219
2 414
256 471
380 434
119 151
89 214
339 368
246 491
43 288
342 457
93 192
169 312
120 420
272 458
95 409
15 78
120 143
4 396
10 301
143 383
184 473
133 458
4 307
190 313
25 103
322 437
317 483
147 333
293 354
220 408
10 27
87 238
60 127
366 462
411 447
13 192
344 415
340 478
388 404
17 429
67 128
285 476
123 123
55 131
161 331
59 329
25 431
62 408
169 325
168 509
89 152
373 503
214 406
148 155
49 62
325 412
204 226
262 496
51 421
284 299
251 432
59 211
68 279
253 277
81 399
17 94
111 407
205 443
41 88
106 159
206 332
78 363
221 318
21 201
224 491
187 259
26 291
38 246
368 419
52 66
224 332
415 458
116 279
31 358
193 365
132 249
71 430
492 508
378 493
14 195
82 211
138 139
204 412
191 440
162 291
340 482
274 410
166 272
43 83
54 422
74 237
188 419
342 476
238 499
298 416
126 454
168 293
15 88
68 187
288 470
467 480
45 415
29 213
131 472
12 282
240 263
279 501
47 126
6 190
99 378
66 259
77 466
313 344
161 479
237 440
52 281
120 225
52 419
358 449
393 506
38 431
147 393
341 380
177 249
439 454
44 197
256 273
125 165
77 226
170 411
190 505
3 129
482 489
22 55
400 423
231 388
230 254
64 282
33 264
148 329
68 255
342 451
37 386
16 271
158 234
97 323
158 315
220 325
162 262
18 139
362 433
190 400
282 410
153 488
251 271
22 228
96 428
23 346
89 226
136 297
72 323
204 404
200 471
40 117
122 230
450 457
436 453
80 418
197 421
8 38
240 457
201 338
57 439
210 405
17 309
266 471
61 255
235 278
86 443
38 215
245 359
177 469
38 177
36 435
79 479
195 371
189 431
18 299
213 276
23 180
134 183
360 387
219 262
64 212
371 452
66 289
106 209
210 216
187 191
89 253
152 240
301 416
96 154
195 374
254 473
153 330
168 501
127 261
406 420
351 453
169 192
71 405
175 478
5 342
69 251
139 418
97 290
80 375
113 321
44 70
190 438
112 446
149 356
252 396
344 409
292 399
7 412
83 205
34 498
35 467
318 400
309 505
10 315
149 497
17 338
115 243
111 414
107 501
243 411
17 278
268 472
223 450
144 510
139 143
243 315
213 399
70 109
418 479
149 232
95 278
108 329
241 445
207 380
276 368
105 449
45 508
227 439
142 251
32 388
201 378
393 475
53 141
317 415
199 383
201 265
280 421
479 489
62 377
281 468
128 434
196 478
3 290
13 96
18 453
186 403
136 391
92 399
189 477
102 293
250 313
183 255
388 392
122 420
187 323
369 503
215 419
221 478
409 502
266 431
120 299
227 381
292 394
68 339
81 488
142 438
0 209
124 467
54 342
297 412
61 157
156 179
260 291
175 391
356 360
32 223
116 421
302 342
150 451
222 377
290 374
173 312
68 482
56 169
42 402
253 473
353 467
369 400
52 200
139 427
93 292
354 431
85 458
60 411
88 497
276 467
216 435
66 320
294 505
222 469
137 441
104 141
452 453
66 356
435 452
270 301
50 500
221 375
120 170
274 337
114 491
69 499
41 94
292 451
60 374
234 443
131 358
123 199
278 486
19 404
177 341
371 439
46 304
79 401
338 400
140 210
247 306
415 442
66 262
232 237
55 345
54 139
151 449
6 404
422 500
175 277
243 268
292 458
365 490
295 473
113 449
150 428
106 399
51 117
23 87
58 392
398 496
240 505
58 180
154 251
261 442
161 388
1 331
190 420
185 225
395 512
360 376
154 351
116 495
109 277
319 436
87 235
14 205
212 258
40 329
403 498
189 314
180 374
32 79
217 419
291 331
484 503
4 138
104 310
77 108
26 386
151 462
201 361
216 263
253 268
74 505
178 294
111 186
0 394
94 169
46 162
350 455
186 386
160 445
218 466
262 471
55 502
259 418
241 509
6 333
148 283
162 273
0 270
18 86
37 344
132 190
40 299
87 250
229 403
271 300
99 278
23 365
104 360
278 330
180 307
6 447
107 417
45 312
34 341
247 454
14 276
40 504
290 507
201 204
198 507
226 469
252 393
388 392
325 405
13 493
21 422
49 325
52 75
24 396
15 100
50 301
142 412
81 105
69 373
337 410
214 455
13 318
114 468
315 318
219 274
309 384
167 229
328 430
128 471
98 419
150 480
218 382
347 490
236 308
251 351
18 424
110 477
26 496
289 322
10 28
371 475
20 110
54 355
121 178
126 438
409 481
35 318
274 473
309 422
156 185
1 384
139 486
4 507
11 191
37 50
11 356
161 267
234 480
75 151
272 377
273 326
116 223
43 185
75 383
319 401
123 257
166 369
17 175
434 460
154 353
219 459
164 408
107 386
328 495
166 204
261 383
209 256
85 332
265 323
332 378
54 158
31 129
353 416
14 199
201 300
439 462
229 295
101 329
181 484
319 439
2 168
172 328
216 258
297 439
469 504
104 155
307 476
74 289
110 166
48 191
72 408
162 189
52 166
8 215
253 334
13 371
299 344
141 281
36 89
16 430
65 304
126 451
106 256
27 360
428 429
350 405
89 138
107 322
101 318
200 313
6 422
55 87
195 369
104 243
152 464
315 342
310 427
158 239
86 478
103 508
246 437
5 55
286 321
169 290
270 297
58 201
25 427
472 512
250 443
53 152
33 79
199 412
27 227
257 492
178 202
79 182
73 400
192 453
14 381
162 227
177 286
173 389
418 463
255 400
96 175
262 353
286 299
106 447
412 427
261 287
33 407
270 403
368 427
122 198
78 285
122 353
15 404
198 206
206 208
60 71
297 413
11 231
287 496
258 349
334 359
80 372
103 301
7 237
314 320
154 309
117 118
64 217
56 497
342 471
304 489
96 110
15 356
158 440
276 417
122 389
85 367
35 239
212 391
208 383
117 248
0 209
363 452
123 328
63 257
82 225
36 281
41 324
76 354
66 139
275 481
77 318
455 485
13 499
176 413
106 429
82 444
250 462
422 440
159 433
10 249
438 440
164 368
8 431
71 196
296 459
19 222
190 246
134 343
44 184
108 359
55 278
185 241
229 511
97 505
245 252
144 378
231 329
394 494
60 399
305 432
66 225
6 373
312 412
503 511
64 469
348 489
239 413
422 439
280 485
191 194
202 299
15 88
222 266
172 319
134 391
413 501
203 344
151 376
26 58
131 499
20 42
59 492
340 427
42 335
361 395
217 426
43 431
79 504
108 351
193 239
53 287
33 351
248 499
276 346
258 458
339 342
191 504
65 103
10 240
78 108
350 399
146 477
428 439
64 118
73 222
265 340
85 205
116 253
369 420
219 435
228 313
160 394
21 445
115 373
108 257
349 377
290 300
187 483
12 245
40 262
262 302
158 504
159 384
88 272
84 365
38 486
122 331
36 488
1 266
418 466
27 241
254 292
173 477
74 395
84 96
246 504
149 413
173 444
236 438
171 435
187 221
34 366
145 417
126 197
328 505
99 412
115 493
156 333
315 448
35 210
152 162
194 222
267 339
70 126
141 241
64 192
21 243
227 242
54 164
79 268
103 402
84 248
75 149
160 239
175 327
314 348
32 387
392 469
38 378
28 129
293 359
270 361
89 423
36 332
203 255
106 140
75 461
133 333
15 468
67 219
206 306
116 209
493 494
12 399
190 370
162 439
329 366
214 279
398 438
392 417
151 465
279 466
195 261
279 395
288 329
25 36
10 449
269 475
287 447
27 207
41 261
257 506
231 344
59 239
177 376
501 512
30 231
289 457
26 380
96 180
314 428
39 451
4 77
186 408
41 166
310 414
36 68
349 397
21 208
180 352
415 426
189 288
17 444
14 289
46 270
41 242
213 286
288 385
174 425
163 294
71 348
150 277
464 496
90 388
2 253
63 221
330 358
225 490
404 476
358 484
275 315
240 428
32 228
71 232
2 87
39 46
16 181
129 214
432 448
70 418
144 312
341 437
195 210
57 319
69 447
215 280
206 350
110 354
96 313
183 395
205 286
38 198
383 467
216 408
15 288
62 341
24 207
368 475
300 463
21 236
195 310
335 413
183 317
158 201
372 506
135 311
97 257
379 410
121 391
253 332
340 510
379 470
118 447
137 163
344 364
294 465
384 403
32 221
62 254
119 186
172 285
390 505
171 232
28 306
120 315
14 74
98 229
130 236
131 191
200 371
25 300
324 398
97 294
174 314
36 207
82 432
146 253
259 303
207 333
150 283
27 131
99 294
1 377
215 249
57 411
195 320
256 263
165 272
229 301
183 388
278 458
420 469
59 440
217 265
331 356
92 379
260 295
233 361
6 118
57 284
197 225
225 507
171 463
289 393
111 336
322 392
115 271
8 114
31 503
117 240
390 465
342 412
222 326
321 350
129 190
282 400
53 76
285 357
244 472
348 467
17 363
236 242
40 305
167 466
312 486
312 510
45 280
9 153
211 300
81 329
11 232
118 317
170 299
49 420
131 138
61 276
77 481
132 136
44 473
48 351
29 130
184 288
288 345
103 175
74 196
79 141
99 504
322 397
335 475
72 193
88 233
396 418
22 409
174 250
129 388
228 429
252 262
175 324
325 463
177 445
72 428
170 198
141 467
72 303
273 379
303 463
43 365
279 289
301 433
376 430
291 323
35 479
69 477
242 321
318 447
124 434
39 93
188 420
13 142
242 489
1 300
2 183
95 250
107 288
64 468
148 318
250 268
23 278
28 427
459 488
7 459
321 462
307 350
228 480
221 344
81 232
107 153
145 455
105 390
137 205
3 235
10 377
134 454
160 507
103 343
15 133
85 367
53 372
320 506
82 275
133 417
246 485
460 485
236 279
66 397
59 350
232 375
72 393
10 385
66 177
211 379
480 506
94 310
285 316
30 261
13 141
295 336
421 497
204 444
69 460
140 443
259 359
108 127
148 486
356 498
94 161
97 278
71 222
453 511
237 271
134 242
127 176
165 306
142 201
112 503
367 387
320 500
119 433
217 431
265 386
127 500
50 91
57 464
95 185
287 328
318 329
40 195
172 500
10 240
15 272
236 302
190 416
56 260
232 251
227 479
401 489
380 475
466 507
101 493
207 361
369 487
14 69
34 201
118 194
80 299
136 384
97 183
2 184
454 506
105 467
125 138
316 340
12 499
38 439
425 499
470 491
93 287
174 416
332 457
148 193
71 391
85 465
40 376
103 243
243 336
311 469
245 323
361 433
236 417
191 381
421 452
246 374
39 160
161 370
26 181
424 507
125 205
216 298
290 425
115 251
13 287
431 453
120 357
118 154
102 177
146 237
89 321
353 506
267 407
257 389
122 212
119 504
94 187
0 487
14 384
99 206
257 440
217 354
332 451
155 444
288 488
46 270
373 487
70 454
240 392
307 403
110 476
331 380
18 241
161 390
30 181
52 356
244 415
271 480
139 223
374 478
452 456
41 60
85 485
237 301
45 264
25 104
291 358
8 322
175 211
21 403
123 175
318 499
41 354
235 260
1 367
201 237
40 433
253 384
283 385
34 99
272 326
56 113
299 355
196 247
266 368
354 443
288 345
397 426
136 269
465 494
14 28
243 262
317 479
189 291
231 427
367 428
62 285
221 263
262 501
418 425
81 373
4 152
161 279
189 240
49 121
59 443
134 472
295 347
96 118
135 503
166 372
265 378
112 389
93 420
45 162
193 279
29 121
53 307
214 324
128 315
122 293
66 223
5 127
259 360
30 202
58 342
28 138
122 485
15 277
234 288
86 449
407 407
167 219
21 173
336 409
218 272
225 505
82 216
227 434
216 282
20 353
94 166
20 247
138 279
30 178
114 373
66 362
89 314
23 369
117 222
7 81
282 460
113 167
235 471
277 398
2 344
90 186
147 397
324 395
0 98
62 312
194 283
289 413
238 492
143 427
46 112
34 51
121 406
300 372
185 503
164 502
116 200
64 229
140 315
29 180
346 492
422 427
103 277
227 437
55 125
58 468
77 157
263 325
41 414
70 409
203 319
253 418
57 407
136 369
10 383
100 363
33 181
101 378
111 432
155 450
166 297
77 485
45 114
24 120
431 453
156 246
49 103
511 512
364 445
471 480
261 420
56 142
62 210
6 172
87 114
189 481
440 477
383 414
216 491
182 210
409 442
64 508
99 475
294 366
117 121
25 340
219 457
60 73
43 290
47 387
344 447
130 237
45 301
183 205
387 436
38 270
88 356
55 457
142 330
184 333
77 252
44 277
186 300
377 457
108 306
31 281
130 440
187 488
225 419
42 423
142 351
328 431
146 270
303 478
194 441
30 39
55 198
42 135
310 466
277 477
7 43
160 234
137 443
44 160
64 349
171 300
155 440
29 66
122 274
117 157
29 395
127 265
213 367
316 320
350 509
290 303
16 367
150 368
17 475
112 468
293 321
132 235
316 371
73 89
411 469
147 425
66 166
229 291
409 425
52 476
359 488
56 453
130 495
38 64
125 129
28 325
113 330
112 154
64 174
126 263
456 490
29 225
187 496
48 83
208 313
168 274
188 409
170 361
179 489
149 253
310 384
257 296
341 434
169 506
204 411
308 472
32 182
204 298
14 220
90 268
314 449
172 449
341 392
126 370
243 493
84 444
134 430
126 342
122 368
195 286
37 64
98 362
63 209
30 56
224 426
76 304
160 446
277 478
257 317
79 458
90 311
228 349
156 351
200 230
224 499
181 333
15 119
183 286
211 496
222 240
166 459
293 331
8 306
97 385
129 280
106 283
50 124
318 373
58 85
26 307
269 348
159 505
77 276
244 383
12 162
211 280
6 91
269 297
270 506
0 159
55 177
358 491
48 257
45 397
192 226
136 419
211 214
54 325
123 266
72 266
438 494
162 221
169 390
60 81
208 498
89 417
67 452
173 366
56 65
169 498
104 504
235 263
264 440
191 316
361 431
72 127
279 504
196 299
215 237
256 438
122 385
194 365
379 496
161 418
203 275
35 49
82 265
27 361
149 229
39 139
1 489
63 260
288 330
327 358
34 433
67 324
181 256
324 390
156 420
66 461
147 354
286 376
115 412
300 457
57 371
168 279
229 317
393 455
385 450
337 351
251 266
307 446
110 365
63 197
105 335
433 462
270 374
85 405
145 511
409 494
220 293
278 321
0 355
248 323
317 358
79 150
33 267
75 401
322 504
23 380
87 159
70 77
50 419
223 394
311 329
221 453
86 486
100 442
314 495
96 340
94 127
485 487
89 391
233 508
41 179
263 463
27 466
160 205
93 409
163 208
155 435
78 97
318 461
298 353
258 277
384 509
186 210
294 468
75 346
130 420
268 319
123 133
384 481
36 352
291 372
281 457
173 349
155 297
283 371
80 233
53 172
140 336
62 76
312 455
135 199
177 344
150 329
100 321
123 273
274 478
124 365
126 279
99 145
239 244
479 505
135 219
2 201
99 290
91 425
133 141
61 63
185 251
363 402
125 487
172 289
344 417
70 93
14 427
279 398
85 492
64 359
56 233
378 477
141 237
321 459
104 280
233 309
314 460
132 461
286 458
324 453
8 110
335 464
129 409
340 389
402 426
262 412
355 359
42 429
398 478
480 488
61 121
116 272
41 441
382 470
255 408
33 157
156 452
262 372
28 59
159 214
71 451
56 210
444 496
152 474
92 475
20 157
164 349
207 403
0 421
31 354
155 402
51 199
202 425
206 355
288 338
189 333
245 449
257 318
160 276
225 458
14 257
131 230
159 243
346 461
188 425
432 479
105 455
142 199
75 95
95 199
296 436
198 260
50 220
209 359
386 455
235 368
278 320
353 387
359 453
52 441
158 407
54 449
372 438
393 404
251 413
486 492
211 322
86 317
392 420
252 360
106 151
39 127
96 217
151 347
21 178
202 329
77 364
305 369
160 332
8 101
70 146
105 460
221 274
155 236
185 454
160 433
169 508
98 98
40 77
112 473
49 95
104 273
339 494
221 496
172 357
161 478
23 285
332 355
323 327
115 188
102 486
92 242
237 427
296 424
326 349
78 189
40 164
371 372
207 433
339 418
320 333
79 337
59 88
349 396
228 342
6 458
286 452
346 356
239 382
96 257
51 474
53 190
358 370
151 406
224 254
189 438
254 475
145 219
192 377
238 239
6 412
184 200
13 251
26 257
250 284
324 466
324 439
227 335
125 409
365 419
445 466
84 180
17 373
71 303
167 209
230 321
113 249
124 390
114 363
142 452
351 468
193 430
147 317
22 413
54 116
60 322
40 276
385 476
16 464
95 291
136 440
196 330
335 394
107 113
75 173
322 497
266 318
344 476
26 405
9 287
93 426
43 369
270 318
247 478
216 243
21 68
1 32
104 357
345 512
143 148
42 298
332 456
299 323
189 307
156 509
86 257
33 340
341 391
200 458
6 78
99 407
299 461
84 235
8 61
222 353
160 171
91 335
300 492
266 299
136 255
84 478
125 231
408 485
401 418
208 485
176 345
328 441
88 198
455 483
32 65
32 311
190 213
133 453
73 300
102 506
2 29
426 438
118 481
323 454
129 399
322 399
300 495
38 245
347 374
120 417
205 223
211 419
341 403
11 232
186 366
43 488
188 300
257 413
192 332
218 338
227 403
41 201
24 89
59 301
391 464
243 392
169 353
71 380
211 390
2 408
230 273
185 207
231 429
251 478
8 422
345 349
9 271
99 378
135 254
175 430
73 487
31 37
64 149
95 142
170 285
201 455
194 476
7 29
246 422
103 165
45 479
344 385
41 154
299 383
61 312
163 473
53 125
83 162
210 268
16 71
74 478
245 340
123 395
3 22
189 413
306 483
147 511
309 481
13 280
200 417
176 190
271 304
26 72
61 199
194 290
142 447
322 366
83 439
221 328
75 144
79 460
3 92
39 59
57 445
54 159
125 444
179 248
256 288
57 272
7 11
47 229
291 331
121 477
221 450
115 359
290 341
135 285
411 413
76 104
260 423
206 464
4 340
112 388
243 483
84 506
387 404
38 330
11 336
338 476
88 408
402 490
100 441
1 140
125 242
111 120
356 450
281 436
53 399
195 423
456 480
268 493
87 276
195 385
105 359
125 302
35 237
224 389
291 292
130 408
22 399
13 295
348 490
21 361
69 473
193 244
52 152
60 339
110 308
334 474
118 372
338 379
162 240
214 303
185 225
62 469
330 400
6 133
24 73
93 474
88 381
300 391
149 242
451 454
16 302
3 142
327 510
259 412
45 151
20 205
74 203
396 489
54 254
2 41
265 374
110 341
188 195
159 495
33 64
22 89
45 404
6 346
68 262
374 406
115 417
324 459
30 429
199 293
27 510
198 476
159 266
166 284
150 218
259 443
8 278
12 338
48 495
76 237
246 274
235 461
50 168
222 279
184 322
252 494
88 272
79 135
372 508
73 362
82 132
45 402
415 458
76 238
64 191
247 463
24 52
201 314
344 512
334 450
80 193
222 237
36 406
94 328
439 503
256 383
243 476
81 388
175 496
96 470
76 239
349 402
2 254
30 462
32 187
425 427
9 430
21 301
299 365
172 315
43 208
459 512
129 199
83 448
40 85
29 383
120 405
80 323
109 113
19 183
280 423
415 505
7 227
240 512
122 176
235 291
13 258
296 394
62 374
147 426
134 193
73 510
87 139
167 330
22 68
267 325
166 448
19 436
82 174
11 30
182 373
127 204
118 342
245 305
272 453
110 493
76 129
15 474
225 273
11 410
269 381
396 427
325 394
485 507
121 403
84 416
13 169
258 437
71 464
84 502
18 121
17 388
159 255
441 456
370 376
8 250
217 346
20 364
419 419
267 383
254 423
72 165
122 146
458 503
147 265
37 481
308 391
93 306
83 294
321 324
11 383
217 331
294 298
30 289
56 481
199 505
144 185
109 483
264 408
88 213
32 404
276 397
9 268
163 282
71 193
5 156
94 396
207 457
57 141
179 280
172 245
273 481
398 422
69 374
438 457
85 248
184 334
180 377
503 504
386 459
177 512
60 289
61 68
172 200
47 278
316 447
11 103
200 470
251 429
233 506
107 201
363 502
82 200
6 366
153 304
417 450
38 84
218 364
135 493
263 393
263 429
233 406
131 482
15 473
71 86
135 428
243 304
242 431
293 431
16 385
65 178
288 425
310 480
312 388
175 266
164 379
60 91
353 386
31 63
33 306
156 250
138 235
320 326
25 455
25 243
88 389
277 474
337 400
161 200
241 417
221 303
440 455
63 455
12 265
48 339
1 219
187 401
241 307
144 494
69 284
249 349
205 461
7 254
111 113
132 228
296 388
99 164
103 164
110 310
219 316
410 439
39 274
17 413
17 474
322 388
300 497
265 443
267 508
165 392
259 332
354 387
208 355
40 401
65 274
202 468
47 446
215 288
177 467
281 305
24 451
165 323
160 409
406 492
60 241
128 494
102 200
219 267
25 225
57 227
59 246
156 400
336 337
177 307
111 386
102 139
89 493
366 417
181 419
25 261
16 267
209 382
134 353
385 495
159 238
75 200
128 436
166 177
4 136
431 495
304 365
277 364
26 324
234 348
170 369
75 212
186 480
216 372
3 206
11 303
159 329
302 440
210 506
270 340
96 466
269 273
146 450
272 442
192 390
290 317
234 256
174 323
42 50
354 454
231 388
9 343
75 161
220 299
125 132
215 249
234 448
343 511
239 377
241 257
302 358
437 493
66 405
84 386
179 384
12 279
506 507
250 412
124 437
288 388
167 446
170 173
306 496
14 56
176 231
146 304
269 400
40 416
17 227
98 480
121 229
130 308
322 400
168 461
79 243
188 209
250 487
62 434
90 389
76 249
233 508
338 338
2 112
211 478
203 434
24 354
124 449
53 493
41 215
151 285
268 448
39 274
289 302
451 490
98 296
328 375
3 244
180 501
231 234
103 116
21 296
151 501
168 427
261 282
56 219
184 220
65 449
219 374
353 408
217 403
276 363
183 400
224 370
10 326
131 263
40 424
200 297
147 310
171 330
344 428
391 487
217 242
342 373
360 405
239 348
60 378
2 468
234 491
91 308
51 357
159 252
4 279
323 483
114 428
268 360
132 188
35 511
110 180
375 422
174 241
178 471
72 447
58 482
215 270
211 258
254 345
248 344
21 77
11 119
284 449
253 391
330 504
3 91
39 121
260 311
38 424
16 330
210 240
19 207
157 392
64 258
278 382
373 396
92 211
118 355
44 491
98 495
179 245
399 406
25 167
316 419
91 484
148 454
146 196
158 310
77 173
268 383
81 353
127 227
135 143
299 497
176 473
376 390
100 283
424 430
104 504
15 492
261 343
245 483
118 222
190 308
109 168
96 508
118 207
65 502
4 239
231 424
440 470
34 361
278 307
54 306
42 462
37 188
323 502
340 405
131 280
175 366
116 336
113 499
123 458
41 422
353 461
426 445
111 469
295 506
200 275
241 374
41 407
171 356
74 381
40 106
191 240
25 406
168 342
224 470
296 475
79 174
33 503
0 438
323 333
30 302
224 390
410 410
325 466
291 346
9 419
52 124
114 473
76 359
60 164
266 460
363 443
19 87
213 353
212 423
113 394
224 361
88 241
279 317
93 353
168 237
421 451
209 406
330 448
349 501
131 326
415 444
15 332
113 264
213 510
155 312
290 480
197 213
231 309
68 314
135 183
93 122
30 435
180 304
289 291
309 402
119 289
395 476
229 382
50 417
36 274
20 390
90 180
440 463
341 449
265 322
269 382
314 509
63 221
151 192
132 427
344 419
59 73
100 309
234 292
188 381
211 418
287 345
266 311
21 106
131 505
177 489
123 261
208 302
94 224
188 435
230 253
248 267
63 320
393 466
159 187
317 416
192 399
377 512
128 261
30 89
4 231
123 279
20 434
46 363
145 221
273 507
138 462
180 472
8 300
51 245
146 483
98 124
22 87
71 440
9 189
57 456
29 363
42 168
2 264
21 502
113 500
265 393
3 488
229 304
159 390
134 361
425 433
50 343
18 308
189 438
110 138
55 431
44 470
317 345
99 393
135 312
211 257
326 497
64 406
236 397
190 457
73 207
196 223
260 504
117 419
139 300
289 465
7 236
73 450
6 383
277 277
239 420
76 97
43 242
142 425
83 87
31 37
87 217
116 161
178 414
7 93
105 161
188 381
26 342
72 205
328 390
190 434
213 245
420 502
172 376
345 398
155 304
84 477
175 508
173 225
176 232
158 239
322 433
169 463
99 338
368 415
177 444
52 281
109 452
166 274
157 370
26 460
215 275
123 425
154 238
33 36
346 495
101 303
63 213
224 497
261 462
278 388
253 362
3 204
95 396
140 180
320 358
349 429
43 365
355 488
117 462
195 471
178 192
135 489
164 416
379 499
178 294
154 511
394 510
6 374
41 247
417 512
79 360
322 453
131 437
3 176
22 29
279 452
65 393
165 220
227 440
255 442
418 493
65 312
3 183
300 315
335 442
35 242
101 226
113 224
54 421
23 442
57 447
82 85
155 444
343 443
97 444
355 406
230 496
71 141
293 496
28 141
460 481
149 208
134 139
389 477
40 347
99 167
186 411
195 291
234 246
164 243
373 437
489 497
67 186
406 472
143 396
82 350
263 333
227 265
126 259
88 265
244 506
8 507
75 302
255 367
259 395
232 344
206 352
38 445
13 476
207 431
256 507
169 457
82 468
34 415
126 430
33 176
94 168
141 220
0 216
234 341
48 343
124 375
23 352
11 353
333 469
91 367
16 364
218 323
119 319
178 190
13 463
245 468
319 449
26 143
50 324
102 483
181 353
49 420
136 391
73 282
408 478
35 199
86 253
24 309
319 443
161 395
30 335
33 243
312 467
97 346
178 288
10 403
406 512
109 394
235 304
237 306
252 359
246 309
133 456
262 491
75 229
299 305
31 328
161 373
208 465
215 379
325 409
248 290
143 399
66 97
44 483
115 176
84 401
213 502
268 319
126 449
239 477
277 437
3 84
199 341
314 429
40 205
422 426
123 224
53 433
364 503
347 473
89 145
26 74
349 449
84 484
198 413
379 476
77 201
291 360
92 239
13 195
169 479
93 337
291 461
134 443
335 355
272 476
373 508
100 120
343 506
410 427
9 158
245 293
247 323
242 475
31 259
41 330
44 201
392 446
226 464
136 455
230 292
123 368
451 472
92 368
403 433
14 202
194 491
96 404
32 242
326 399
43 144
173 321
372 469
44 406
7 305
55 275
203 248
22 496
358 468
23 81
134 397
21 160
35 297
436 466
47 174
97 217
363 471
240 494
200 264
32 347
189 444
59 179
200 219
135 340
434 493
289 436
135 364
184 282
60 389
129 332
299 432
222 268
27 447
421 499
405 478
332 410
227 477
52 387
0 430
116 325
151 466
107 253
33 419
2 456
295 398
130 310
260 436
163 384
279 407
57 369
203 342
177 413
256 301
140 321
12 255
355 358
124 484
129 177
41 443
85 255
1 197
139 264
262 278
224 349
181 492
172 481
52 281
149 465
60 271
194 333
273 440
252 369
450 511
215 384
352 445
99 124
360 382
233 337
103 104
467 508
126 199
218 290
119 186
35 199
90 167
153 485
290 502
29 313
62 250
52 379
195 211
58 477
163 364
290 315
203 240
318 386
85 483
159 330
238 371
197 385
368 427
124 338
46 181
124 202
203 348
92 209
434 490
149 374
91 171
205 209
217 257
84 93
25 86
309 380
118 448
150 189
119 139
129 214
424 493
147 403
163 397
142 486
253 418
35 456
352 437
140 418
386 486
303 307
83 184
183 470
91 387
129 500
398 434
259 391
254 322
40 390
190 288
57 209
311 431
130 434
78 321
7 297
242 360
283 412
301 363
199 437
14 31
14 299
20 102
171 426
158 509
206 298
91 196
76 347
81 355
33 176
210 411
43 59
84 139
188 233
64 446
304 498
169 268
173 184
160 427
173 463
337 499
400 442
87 264
171 311
268 295
2 411
333 460
247 459
120 165
319 402
215 408
266 426
191 317
58 190
56 329
392 512
9 159
19 158
455 465
403 505
87 136
144 285
46 385
223 340
152 478
47 104
141 339
4 177
179 399
188 373
79 479
3 90
223 418
142 432
287 292
14 127
270 289
175 423
97 366
76 149
265 274
82 258
275 332
264 406
101 263
216 288
197 301
197 386
33 161
66 153
84 353
168 299
257 334
248 439
345 418
7 126
86 512
56 284
16 216
54 181
404 429
56 127
96 413
33 437
147 160
161 511
272 406
473 480
373 487
176 484
355 447
260 506
82 508
150 229
157 352
42 310
75 363
210 375
317 318
102 208
205 437
1 402
60 206
268 352
122 167
287 510
168 330
456 475
171 445
331 442
17 110
233 473
173 350
4 42
10 278
12 78
31 160
163 302
47 159
141 503
108 501
366 368
178 381
64 65
6 261
358 388
125 206
169 274
345 434
188 315
2 247
35 209
329 434
161 374
378 472
282 367
251 470
140 366
398 412
156 172
145 222
168 334
26 106
340 389
154 362
73 351
107 377
67 411
37 342
440 441
241 397
262 374
207 329
41 140
19 192
67 245
67 428
28 273
121 380
64 186
75 313
138 473
59 483
192 412
68 351
217 310
387 509
256 503
154 408
55 363
418 511
6 344
313 440
76 213
221 319
324 428
164 425
356 455
158 344
290 502
182 227
79 133
111 365
61 464
174 179
367 506
261 280
375 490
396 458
130 336
274 408
404 427
121 342
171 273
104 285
190 480
127 328
423 424
210 343
104 205
269 454
282 340
39 235
124 428
31 381
289 362
35 229
78 343
106 451
380 399
61 421
11 59
198 359
84 386
201 235
257 472
210 465
297 401
116 280
397 413
164 444
44 512
5 224
296 309
59 254
33 372
57 318
129 270
118 459
35 279
141 408
202 470
273 470
166 392
71 409
304 458
52 352
14 307
208 235
473 474
79 198
312 476
97 101
16 103
28 30
4 159
131 305
100 490
18 199
232 260
433 475
171 464
375 375
359 512
109 126
22 206
8 57
136 337
31 130
110 113
171 201
188 298
261 437
24 72
145 149
264 293
201 469
90 391
9 49
211 433
129 135
120 402
412 489
430 504
270 499
162 211
152 206
142 429
324 435
10 309
88 390
283 333
436 497
201 469
113 380
33 282
325 348
249 376
231 351
97 356
24 186
85 153
18 168
21 263
187 364
89 284
292 449
110 115
244 432
226 464
102 414
123 286
61 349
30 257
118 177
203 374
286 322
167 305
7 232
70 301
75 370
234 368
47 422
65 233
63 388
107 325
80 271
437 455
490 507
287 344
0 207
292 503
204 292
100 345
313 382
64 153
374 477
411 443
271 375
38 80
252 505
68 501
268 465
100 314
37 473
110 149
71 93
174 238
91 327
308 342
223 298
398 484
213 485
229 348
366 396
179 414
206 374
50 487
419 477
320 462
41 338
162 311
202 203
58 481
92 491
291 374
259 482
266 501
131 252
265 394
159 408
277 300
496 510
76 85
96 438
227 350
366 468
94 407
66 277
113 194
240 478
186 408
181 428
146 175
281 369
182 187
259 287
451 459
171 248
2 236
41 121
69 129
29 319
134 201
75 423
205 237
65 466
123 225
137 364
33 306
267 367
189 387
82 102
301 381
382 429
191 322
3 216
252 327
26 422
225 360
63 445
67 465
162 458
60 231
296 330
309 334
305 389
143 155
189 491
331 500
73 494
11 320
87 119
73 475
60 243
100 365
241 355
215 229
265 472
180 209
21 310
76 196
482 505
243 307
74 140
67 411
87 131
164 443
116 320
68 486
70 353
107 337
358 381
81 433
204 469
322 329
121 484
27 273
228 344
56 217
16 255
89 377
131 233
285 372
26 230
65 380
160 426
126 307
383 422
55 301
66 74
59 429
18 456
359 393
233 443
342 360
117 320
86 90
82 106
263 512
53 193
259 414
154 418
99 367
180 409
99 174
8 13
59 327
266 349
428 452
198 371
314 364
1 240
138 387
251 486
187 334
50 455
18 472
329 399
181 279
322 410
91 350
123 375
234 340
346 424
158 325
344 394
449 487
370 428
3 172
35 442
269 387
224 471
379 413
350 352
47 312
88 487
68 86
41 405
262 506
3 480
13 437
143 381
322 353
64 365
138 445
199 379
244 495
8 449
144 474
205 233
72 424
312 413
384 458
427 475
88 458
270 426
64 305
3 349
385 497
162 410
92 134
98 362
99 333
169 494
74 439
26 249
133 463
364 400
193 318
102 312
337 440
120 388
127 130
229 501
81 186
286 418
252 444
269 306
281 475
140 254
266 415
17 308
230 261
313 444
254 363
192 286
370 447
215 391
138 459
128 455
211 440
267 422
43 305
41 107
212 426
430 458
104 217
160 201
82 507
45 281
21 353
32 402
155 220
23 335
171 399
134 155
18 354
379 443
238 444
16 266
31 242
304 438
87 261
200 503
213 300
10 39
26 320
334 487
313 490
100 166
152 422
98 146
55 409
178 496
357 476
170 447
178 260
156 313
182 222
35 363
170 379
17 348
92 221
163 377
74 463
71 339
318 349
74 442
11 128
8 230
278 334
266 324
19 313
315 336
83 432
181 438
178 385
395 444
46 504
235 421
326 335
6 439
53 89
77 374
12 17
331 385
138 315
296 434
93 205
108 291
83 141
418 448
21 474
133 358
67 408
155 405
433 451
275 386
14 280
138 422
85 119
223 413
133 316
19 113
369 387
141 451
172 429
207 459
185 377
2 342
92 338
130 168
16 388
288 486
409 454
84 420
12 90
351 428
56 330
316 333
205 373
228 417
313 438
56 63
5 30
72 393
319 483
88 217
216 283
192 400
163 214
49 126
6 347
230 263
27 352
59 219
136 326
299 373
234 259
312 433
269 305
133 266
29 47
146 477
214 417
140 195
109 240
101 444
75 486
30 304
420 509
38 308
131 248
246 496
239 443
226 273
259 505
464 468
213 379
111 281
242 341
443 505
215 442
207 280
319 468
150 300
58 445
128 193
303 411
96 334
168 345
19 24
139 470
216 511
66 181
299 371
56 122
206 331
399 483
100 169
136 364
62 363
56 140
81 383
123 324
51 320
210 211
152 348
127 241
236 315
359 378
9 512
50 269
63 222
374 490
149 342
62 134
173 240
130 385
152 192
62 509
263 314
209 362
20 468
92 318
29 413
228 363
299 473
164 241
374 459
189 476
92 168
55 362
255 323
102 192
340 420
473 489
11 35
165 257
187 228
61 498
263 386
361 406
379 429
84 297
74 385
122 468
119 484
92 471
353 432
442 457
177 445
244 313
4 334
248 250
350 432
164 245
87 252
86 224
148 328
38 428
68 157
285 347
251 399
68 133
224 455
292 502
150 261
3 392
23 377
121 240
84 371
22 240
307 367
206 299
364 512
98 343
138 325
136 335
99 275
115 466
75 451
162 402
141 281
130 229
315 506
284 401
102 184
204 428
188 389
157 475
32 125
4 434
137 216
167 437
17 349
62 215
213 465
126 510
67 175
19 287
151 188
32 330
69 293
30 284
365 425
108 184
211 466
1 479
231 436
324 467
200 430
244 247
198 262
184 204
270 480
185 334
443 474
140 439
286 317
129 451
262 338
80 241
122 415
197 263
286 397
96 276
322 400
68 334
171 416
379 434
141 491
60 309
33 317
10 124
79 417
10 260
72 479
193 455
329 340
69 243
213 306
2 65
209 507
6 228
327 441
61 414
26 473
275 485
16 69
237 311
112 227
25 434
334 396
45 141
8 338
284 304
115 495
288 440
181 265
116 228
176 463
299 399
159 237
279 415
230 326
202 508
11 398
2 391
110 459
230 453
126 313
23 502
417 449
304 347
150 245
128 263
228 260
51 389
106 352
447 488
220 291
18 304
236 383
29 153
154 155
273 314
6 142
163 511
434 436
132 146
240 289
20 25
5 484
34 394
117 402
93 405
164 509
18 234
81 266
444 463
245 445
182 478
30 58
164 207
196 415
127 316
251 465
317 457
303 449
240 474
209 453
368 502
192 387
330 469
211 231
254 422
362 486
77 249
255 412
285 459
281 315
311 338
158 277
115 468
22 408
289 473
113 316
246 433
45 315
240 332
87 362
39 471
18 482
250 481
129 376
223 464
324 382
393 463
110 241
380 509
215 397
208 393
67 410
179 335
216 457
41 291
79 92
83 343
66 481
113 156
181 360
376 453
307 437
17 404
1 244
17 75
348 485
66 393
314 475
40 177
74 248
96 279
340 388
40 374
64 138
26 105
154 334
131 361
64 434
317 415
84 312
199 262
118 432
96 173
214 354
342 475
197 512
87 447
173 425
206 331
447 509
425 472
180 461
213 398
198 230
179 446
42 159
59 318
167 467
154 489
209 372
190 196
216 357
312 409
53 130
205 295
280 338
250 442
33 242
126 297
193 338
102 316
162 323
67 327
82 456
348 386
240 256
24 291
81 303
99 498
65 317
419 437
107 225
158 418
86 470
4 222
236 384
241 429
97 221
194 314
149 161
152 502
120 400
15 250
432 440
0 283
43 81
264 307
409 502
407 493
17 110
163 358
33 297
6 359
42 166
88 96
62 247
197 482
401 406
47 246
83 505
262 309
210 213
410 417
6 256
398 401
233 395
132 429
25 372
197 400
86 205
47 365
283 357
116 347
336 336
211 368
449 471
397 474
303 311
23 69
196 341
133 481
466 478
91 282
134 207
180 325
383 491
435 446
190 238
17 118
138 167
442 507
54 113
266 470
381 505
407 440
141 239
250 455
350 370
196 382
129 455
89 153
402 501
292 492
137 479
359 470
114 183
298 399
168 476
93 265
321 389
381 422
317 428
275 368
321 367
43 493
149 235
371 443
306 439
196 357
163 264
154 372
161 413
2 404
73 369
431 434
113 188
98 362
444 499
70 344
125 412
250 360
16 134
72 149
127 349
266 277
191 245
64 383
100 459
160 413
27 279
90 470
258 352
13 307
289 302
13 190
81 185
262 510
181 231
209 438
198 473
49 455
286 331
100 197
289 408
291 481
63 91
233 279
154 344
27 290
235 397
119 190
147 298
103 500
19 49
31 375
302 454
36 452
266 473
116 413
99 307
342 487
141 175
443 471
249 383
275 276
145 347
46 141
253 280
60 486
167 167
122 377
442 443
228 325
41 351
321 508
79 255
63 284
140 293
305 337
87 442
212 500
97 184
352 480
275 505
43 306
121 343
145 347
185 353
49 367
202 288
156 182
198 260
205 271
358 445
222 321
127 363
56 210
127 326
102 373
118 193
83 284
336 359
138 212
391 503
262 417
44 435
192 483
263 452
74 202
218 385
116 291
332 488
326 376
205 332
152 453
2 340
76 217
152 337
36 120
20 269
178 315
346 444
15 253
215 417
77 124
35 299
396 467
196 214
366 464
13 183
66 490
227 496
71 76
235 311
109 211
95 200
234 288
114 180
23 341
59 328
280 509
237 259
344 498
84 129
44 105
175 202
377 465
137 173
99 130
90 467
107 124
216 386
396 462
138 366
208 249
416 467
206 465
83 197
343 481
458 512
296 334
138 272
338 384
32 367
27 428
225 291
166 402
123 438
114 202
467 472
60 205
59 402
107 121
62 403
42 94
65 260
182 494
190 495
120 343
255 381
315 381
97 129
284 501
431 456
28 37
407 493
51 393
251 400
42 52
404 464
138 246
274 428
252 262
195 268
263 352
171 319
41 233
153 372
394 405
57 493
1 136
11 390
79 453
417 430
278 397
17 415
357 391
285 468
22 474
286 350
236 505
253 323
356 357
276 406
62 246
290 302
144 178
242 376
422 498
86 166
362 446
318 379
171 435
95 166
259 420
24 186
269 299
301 436
70 320
299 496
195 213
504 505
38 160
0 79
168 314
293 299
130 491
149 295
141 383
391 422
238 240
86 196
261 263
164 186
19 113
91 281
37 58
346 473
327 395
157 410
163 385
58 402
63 180
298 304
264 471
216 287
258 495
185 194
119 128
29 156
430 482
113 150
174 266
191 420
247 407
197 451
56 259
368 479
21 374
95 455
144 339
8 113
133 210
56 395
431 463
319 488
19 412
1 506
180 499
350 502
307 380
60 257
52 252
132 251
403 501
206 450
100 151
7 201
171 357
139 479
494 508
377 459
332 463
400 479
134 480
83 106
7 404
126 309
34 464
103 452
474 486
192 482
85 353
366 461
79 247
124 502
246 465
70 183
79 453
215 420
114 498
73 342
383 460
282 415
145 278
98 321
137 164
365 411
50 489
159 467
167 230
108 301
268 411
42 270
362 496
140 190
180 369
119 249
158 463
0 131
119 479
118 122
340 468
45 349
159 286
134 248
342 380
28 347
262 446
451 458
111 250
19 44
238 486
213 348
248 353
161 381
74 103
419 438
23 367
276 293
87 418
117 234
321 449
23 403
128 455
469 481
61 204
186 307
136 407
75 477
417 439
17 179
211 470
225 415
218 406
175 423
286 506
144 463
290 452
102 343
160 255
213 431
79 261
91 326
73 201
17 105
99 261
187 503
101 164
48 124
339 363
381 410
217 325
240 373
13 467
43 130
17 348
60 177
434 489
155 394
212 356
66 140
18 156
79 278
188 276
2 236
8 136
7 276
112 393
180 397
37 365
275 338
64 504
257 421
124 316
237 510
258 411
162 487
338 426
30 399
214 424
146 397
28 82
351 358
245 396
236 499
160 460
48 291
289 486
325 381
57 305
150 485
240 418
77 195
171 459
193 426
186 416
66 139
277 414
108 141
21 411
161 217
60 253
280 290
159 256
349 426
28 56
169 415
376 459
32 39
245 383
293 304
113 462
142 509
3 14
116 401
343 488
215 275
57 182
198 296
103 305
35 424
85 376
193 341
180 356
244 397
282 441
162 234
35 178
34 444
26 184
205 450
25 306
130 137
235 504
86 489
222 496
140 207
221 368
187 234
249 284
366 382
127 279
140 400
57 154
371 506
10 358
63 231
351 508
59 81
199 224
334 355
189 192
178 327
426 478
256 327
60 100
326 505
229 251
60 440
56 296
119 357
41 395
96 501
238 481
109 274
32 77
93 312
161 327
418 470
369 393
240 346
149 332
47 178
301 457
244 261
7 308
106 330
415 429
59 254
204 417
307 343
229 283
272 424
176 353
319 481
161 178
84 413
165 330
18 352
87 483
183 245
184 220
436 438
38 101
127 184
121 372
111 503
392 426
379 438
108 255
101 476
334 335
54 68
264 481
42 256
157 341
158 351
22 325
41 76
14 480
73 435
100 261
276 491
225 372
158 504
152 458
39 379
1 475
353 422
62 334
467 477
71 431
70 153
288 331
62 153
271 403
68 366
3 485
248 399
372 447
197 463
182 213
377 386
41 222
189 294
38 107
177 230
201 488
63 96
3 360
329 407
43 401
47 176
61 409
46 254
175 204
104 363
41 117
173 179
149 409
165 357
85 421
385 402
24 26
165 243
478 502
409 506
132 335
11 382
338 352
360 455
214 468
89 328
107 142
300 431
10 271
48 347
212 480
250 404
313 314
176 255
114 248
297 322
309 424
124 262
6 186
255 488
356 465
25 202
81 378
286 450
0 281
119 211
338 456
21 452
189 507
332 333
125 446
93 276
13 326
82 376
74 472
317 448
411 493
142 164
156 210
57 231
47 89
10 322
76 148
237 329
241 484
59 423
118 201
187 324
127 202
235 364
72 271
30 223
355 430
74 462
358 367
298 426
70 112
453 477
252 310
274 452
198 504
24 301
177 226
259 474
191 282
312 414
156 193
180 269
215 321
118 179
68 255
263 466
11 311
107 125
121 225
113 496
99 210
57 167
172 392
457 492
60 369
127 319
215 408
153 167
340 509
218 233
187 489
275 281
25 468
356 407
46 454
364 483
140 356
90 385
413 468
55 128
178 261
93 353
4 236
115 343
186 301
52 86
107 347
318 325
120 457
380 458
180 254
63 230
190 301
41 457
191 365
190 433
13 118
191 483
212 437
190 291
165 395
102 217
171 403
64 322
353 362
157 182
329 380
277 325
454 496
266 336
187 418
6 381
180 198
73 274
99 272
144 486
92 162
37 236
49 93
56 138
169 465
91 372
168 511
153 277
119 480
68 269
85 88
376 441
44 158
157 178
249 317
301 508
29 423
57 454
323 365
276 432
252 322
188 252
55 495
121 423
15 302
380 384
397 506
196 500
165 237
370 442
152 256
300 495
121 348
288 500
88 476
55 169
152 456
22 76
240 492
212 215
321 452
18 260
53 439
146 306
392 468
17 41
31 266
2 367
61 348
86 185
199 439
110 346
130 338
42 250
17 421
193 318
422 454
417 502
188 216
247 361
162 248
234 333
225 376
211 363
121 195
115 153
11 104
113 507
375 481
135 250
59 290
251 456
248 362
179 490
319 420
109 231
170 454
365 428
250 310
495 500
12 272
443 482
271 470
329 457
92 223
355 462
137 401
313 404
160 261
224 353
79 140
106 463
2 116
113 383
58 237
185 376
385 450
194 395
414 464
280 321
344 441
200 342
446 491
104 164
167 237
204 239
110 343
206 409
151 499
246 398
235 314
82 351
254 256
105 108
177 322
158 244
432 440
273 505
244 461
93 250
132 359
38 318
250 292
68 270
158 510
153 484
24 162
187 321
19 236
400 501
111 351
146 512
7 279
242 328
35 75
50 320
19 35
40 45
166 510
177 278
287 478
76 202
156 420
294 485
216 388
319 396
250 481
245 496
6 38
94 447
39 216
113 419
129 212
126 417
25 151
105 250
94 360
39 373
138 429
37 371
309 314
52 414
83 271
90 146
177 418
212 446
106 414
419 470
191 428
123 476
100 193
2 13
65 364
227 305
409 417
100 212
368 457
288 498
286 472
158 385
28 339
401 446
150 373
0 262
184 396
257 439
10 115
224 251
348 362
97 260
26 263
12 289
39 86
46 72
393 498
94 427
134 139
129 292
21 116
364 438
316 413
161 238
113 190
133 404
154 291
37 235
15 114
103 377
35 509
202 504
145 229
264 394
223 399
279 434
316 353
175 335
392 472
113 380
93 456
128 239
228 325
177 449
213 303
75 353
25 79
161 347
228 340
124 183
128 191
345 447
2 339
55 329
51 180
144 427
277 339
79 102
58 229
33 401
48 364
24 188
95 494
295 296
100 249
30 434
151 297
48 121
302 380
350 438
6 129
192 287
47 236
341 465
190 387
83 206
139 428
328 368
109 145
87 115
34 377
154 461
424 473
95 160
157 428
73 287
92 466
135 193
105 492
130 509
122 226
307 453
100 350
32 237
234 413
338 412
178 492
329 366
286 379
60 335
341 483
69 296
191 435
81 260
29 429
230 381
260 266
38 414
215 394
334 470
126 225
4 467
264 414
143 359
454 502
180 198
140 299
293 492
238 288
218 359
103 337
1 252
67 447
452 491
92 316
80 119
131 274
218 382
293 362
231 436
151 509
51 57
142 269
104 222
193 329
84 167
82 442
204 434
342 425
10 308
161 263
74 305
192 293
42 190
30 231
92 299
276 459
327 336
137 476
447 485
113 337
93 498
397 493
276 447
245 503
175 188
232 264
254 270
0 485
134 201
380 447
24 173
389 461
280 447
203 314
280 349
379 431
377 387
25 512
193 362
135 348
50 220
66 69
420 467
131 479
361 490
263 300
274 336
233 303
21 245
191 261
149 324
19 418
144 180
440 453
371 479
482 509
190 292
216 305
327 347
108 131
170 220
277 284
22 69
261 401
337 455
55 166
208 344
269 365
39 461
20 225
282 451
455 472
65 497
220 411
107 466
2 355
34 104
120 225
216 297
31 394
122 505
194 507
20 384
372 405
89 477
57 427
18 142
163 462
347 443
59 150
46 389
42 252
329 332
104 214
451 464
145 496
66 386
171 367
314 339
61 316
124 295
144 430
298 448
135 358
63 256
280 352
84 164
137 387
225 432
78 449
466 483
196 344
340 456
39 305
97 142
112 174
261 329
35 83
211 379
359 389
244 329
392 483
105 191
127 161
109 496
22 238
104 146
190 302
21 511
381 406
100 244
343 444
124 452
179 435
44 203
125 416
355 441
18 56
304 310
27 42
222 277
198 452
271 491
66 284
23 403
16 172
495 506
8 292
182 332
118 291
398 483
63 265
245 399
434 509
10 447
170 417
286 310
439 491
127 445
10 277
440 487
67 445
332 382
164 494
6 475
155 340
13 16
77 421
140 465
254 384
161 330
156 343
154 226
2 120
249 451
360 480
35 320
108 133
387 396
101 171
193 262
46 432
17 300
20 340
20 121
256 485
168 347
214 275
400 487
237 393
188 231
237 307
380 501
155 420
356 484
230 485
271 347
308 411
202 297
206 234
9 168
311 428
205 455
35 406
140 504
105 264
358 375
60 365
425 494
0 170
270 364
182 185
233 320
163 455
493 495
185 238
322 437
297 466
229 428
303 447
269 474
59 266
229 324
223 475
139 398
7 196
133 340
4 251
124 184
46 510
237 451
127 361
70 82
137 304
125 305
30 190
32 102
203 215
103 390
176 506
275 444
24 187
7 149
416 497
285 325
167 225
239 493
148 506
77 456
279 453
377 478
35 384
176 269
79 284
403 481
39 67
136 309
308 508
1 506
168 299
150 460
22 23
190 295
194 457
332 487
80 104
459 511
34 322
181 488
303 506
268 316
132 362
246 464
414 414
372 432
215 233
6 248
269 449
139 250
155 301
102 431
439 499
8 151
283 477
105 222
198 344
140 180
60 74
38 432
167 287
114 430
8 28
35 229
320 482
208 306
157 252
81 240
290 390
228 313
27 232
251 271
70 411
104 334
372 468
9 294
304 465
158 274
95 156
41 300
264 316
104 193
379 449
112 415
283 287
194 400
195 297
50 459
419 482
180 295
70 454
206 479
229 426
33 182
436 481
6 161
131 141
318 328
319 477
323 393
307 332
152 385
110 402
123 442
208 407
216 501
41 42
48 145
46 353
58 325
36 344
208 460
20 138
141 313
207 288
40 347
188 242
17 221
295 304
43 108
15 253
417 510
27 330
3 398
320 375
103 203
4 402
174 245
75 453
230 447
4 244
240 484
65 113
186 210
51 306
97 108
115 414
477 482
205 339
102 442
82 170
52 399
386 454
363 383
14 19
52 356
176 400
216 348
242 363
260 288
130 429
189 440
223 511
144 221
114 290
7 223
43 423
164 209
246 476
118 313
209 463
240 351
87 141
45 405
226 422
184 210
86 117
45 72
13 373
256 347
7 70
78 273
348 441
253 319
25 338
48 72
77 463
268 443
348 435
263 409
73 114
347 442
250 389
184 370
125 135
235 238
212 510
14 350
27 464
221 347
140 259
343 422
372 463
361 408
138 283
87 425
38 244
134 447
18 440
141 282
67 341
9 506
24 261
97 269
289 303
149 274
10 281
235 270
229 389
172 375
160 246
91 392
161 371
103 393
6 268
136 504
157 234
46 411
223 496
464 473
35 482
170 397
182 431
171 446
311 493
39 55
277 402
67 67
116 399
245 261
158 446
76 345
1 450
232 464
374 467
191 402
118 443
454 494
2 450
9 185
93 491
16 366
98 184
185 188
12 495
26 249
17 183
309 473
13 454
9 367
353 439
38 313
78 485
245 365
170 393
240 485
117 262
99 106
253 488
361 410
95 371
150 404
268 336
238 400
189 475
255 411
106 443
210 303
95 343
349 357
297 417
44 276
2 290
370 462
189 383
328 342
74 311
15 492
28 49
360 421
298 352
4 243
116 343
127 334
298 448
292 338
32 159
37 282
105 260
9 193
5 308
165 397
100 116
168 248
250 375
22 412
37 141
301 500
303 471
318 356
122 480
223 505
205 243
175 222
57 512
122 505
105 199
135 462
32 185
38 206
72 86
305 509
39 194
254 345
190 247
52 494
78 406
157 317
247 416
6 164
264 377
23 413
77 460
41 381
418 502
139 174
231 271
309 355
335 492
129 185
180 417
37 223
250 419
313 379
254 508
157 267
150 371
88 264
282 292
18 391
337 472
73 464
215 442
411 459
157 409
198 211
376 497
461 470
25 377
64 445
124 248
51 475
161 179
61 374
47 342
42 390
30 385
108 356
13 343
80 294
199 494
67 287
9 394
475 494
123 324
81 334
331 367
420 452
167 174
45 292
53 439
24 151
35 328
15 27
289 425
199 231
35 184
87 224
286 475
117 436
104 230
137 500
85 199
313 387
188 320
254 366
199 462
393 485
79 274
270 309
49 399
50 430
24 54
406 457
20 483
272 467
20 102
31 360
174 369
267 451
258 378
64 468
240 456
196 478
131 494
54 135
333 353
23 236
268 401
159 171
241 265
143 495
83 396
81 233
266 324
121 486
178 410
41 211
106 271
36 400
39 86
201 389
188 249
116 274
305 501
191 275
91 249
109 280
76 444
188 272
48 249
29 354
85 281
237 496
66 277
154 474
60 333
258 355
419 455
302 383
259 395
399 506
245 476
266 391
448 512
25 272
332 418
352 378
77 360
292 512
324 433
19 194
48 275
73 508
150 235
44 116
145 499
20 28
323 481
54 376
126 245
236 326
323 336
18 150
291 505
261 455
36 145
93 241
144 302
65 382
56 478
62 110
59 481
305 384
14 88
63 368
1 452
140 188
408 442
183 345
29 367
169 460
72 97
262 273
387 429
69 104
20 500
78 276
229 472
505 512
267 408
164 341
168 283
41 116
175 176
450 495
179 374
189 271
220 367
325 378
199 319
202 292
165 446
260 340
109 135
348 455
114 477
303 367
313 370
1 234
133 204
10 461
216 285
84 108
51 335
307 357
377 433
34 39
142 512
207 394
131 453
330 394
114 229
224 460
309 333
90 408
150 292
201 221
231 267
198 318
92 275
107 179
133 212
49 148
179 252
61 270
137 212
336 433
100 275
53 486
78 370
167 477
292 349
408 442
412 486
24 43
32 39
112 426
360 431
94 502
222 369
9 36
178 382
410 434
52 456
310 426
271 497
148 163
200 260
484 489
269 408
153 154
47 117
24 347
257 350
96 121
373 420
231 241
263 450
77 391
258 340
164 285
75 485
169 394
115 180
214 230
101 474
226 303
111 381
151 185
93 185
227 429
393 485
11 441
281 382
265 275
23 391
12 242
150 355
36 108
264 283
4 346
211 379
57 250
105 445
18 35
147 364
0 30
332 393
412 492
47 398
54 234
102 494
29 181
148 349
101 342
141 251
162 297
58 146
467 477
164 381
34 374
143 246
304 422
92 413
384 497
30 333
357 476
63 183
43 406
197 442
98 297
240 388
111 471
360 394
78 216
242 353
40 163
128 388
267 375
33 140
278 485
291 504
71 86
113 507
57 425
385 472
240 381
11 283
70 226
329 431
102 139
335 350
347 481
8 57
175 195
361 486
334 412
17 51
410 512
25 279
266 306
237 287
157 266
83 100
75 459
120 279
305 368
76 220
293 512
224 364
171 352
396 421
367 480
76 103
40 408
38 313
19 456
105 391
90 507
125 190
312 334
131 216
438 453
175 376
49 125
41 123
188 364
33 313
411 467
215 373
99 359
11 385
129 399
182 502
294 422
177 497
332 464
297 503
235 465
249 260
105 297
366 389
109 404
311 359
66 399
68 292
67 101
92 402
76 246
61 468
17 296
181 440
132 204
182 484
17 17
232 502
280 317
73 224
125 406
442 487
165 499
135 195
269 505
8 131
172 356
85 264
13 229
113 397
146 355
356 507
210 490
319 442
242 433
78 128
18 86
92 124
88 424
42 86
92 108
41 347
128 290
163 165
382 459
262 346
249 481
115 511
14 508
350 469
4 348
76 504
285 413
233 341
109 229
83 307
341 455
96 405
92 397
249 508
13 436
89 430
157 498
15 232
194 470
240 373
70 462
214 510
151 501
177 436
302 491
201 268
127 405
359 492
6 47
473 503
259 301
219 419
233 407
96 118
135 209
15 61
78 270
27 503
147 307
95 250
250 412
336 428
60 154
27 33
12 450
420 491
195 300
153 230
116 304
279 440
270 450
431 471
141 190
263 284
137 345
86 214
379 463
189 216
355 411
120 200
408 498
296 468
198 300
335 416
112 225
108 483
381 463
100 373
84 381
108 121
219 407
250 323
68 134
103 173
32 295
164 466
412 485
75 478
203 234
75 408
262 332
115 131
216 355
362 477
0 371
266 445
18 191
338 507
110 353
62 333
125 498
169 447
212 279
84 278
468 469
116 149
307 495
158 336
354 508
376 478
221 357
188 437
40 216
274 437
252 306
301 508
392 434
19 284
82 94
13 152
325 496
294 478
139 491
328 457
92 139
251 505
412 439
24 51
27 281
51 216
66 310
75 291
29 463
104 423
237 305
58 424
131 493
180 388
138 182
43 354
140 205
130 480
216 459
358 359
404 496
265 467
314 350
18 479
269 290
35 386
135 491
248 387
11 213
172 434
161 428
213 464
290 480
127 279
69 260
69 486
122 334
60 212
202 441
342 494
165 328
345 370
186 270
161 239
160 273
115 496
76 95
41 295
245 318
11 18
125 296
18 296
58 297
492 500
57 73
56 139
317 403
254 377
77 303
19 199
46 426
392 495
166 403
295 332
27 55
83 416
21 414
435 509
330 444
235 443
121 274
81 109
317 450
397 472
391 402
167 439
118 428
237 496
174 433
84 212
100 176
51 491
244 252
334 432
63 105
236 254
350 499
2 389
298 353
221 303
284 504
209 485
84 157
127 228
294 497
307 318
17 380
103 504
205 432
212 399
176 176
255 500
194 295
112 132
196 399
168 249
291 313
122 506
363 438
233 430
463 469
84 446
215 453
143 218
1 259
416 435
47 212
84 272
253 440
329 487
70 292
77 384
179 409
98 314
423 462
33 109
62 62
69 336
17 383
326 385
475 485
58 184
116 361
284 310
233 306
264 265
87 351
317 456
261 337
322 371
78 411
128 229
372 511
14 53
41 299
10 486
70 300
100 171
33 380
137 370
284 407
77 491
207 364
51 471
62 139
272 371
206 368
140 199
102 504
127 128
212 281
185 279
372 460
92 393
45 392
48 328
286 350
41 105
141 243
44 93
195 320
427 430
353 416
289 464
267 489
8 497
157 377
222 329
48 183
274 279
185 473
67 335
313 414
313 444
88 387
83 132
56 408
154 440
272 431
18 97
60 400
474 483
143 418
392 477
70 219
61 197
383 471
341 362
84 132
10 343
203 366
248 279
147 349
122 392
233 259
368 463
37 336
101 308
10 422
331 347
348 464
226 280
320 357
114 338
153 474
122 293
162 166
72 482
76 249
5 116
3 63
363 438
181 229
118 206
158 183
134 171
108 466
123 186
16 208
299 395
4 106
143 419
59 409
175 402
440 442
110 384
251 311
114 399
96 256
102 471
88 96
123 225
79 370
253 461
465 474
310 339
123 375
6 58
144 210
61 108
410 439
253 349
32 151
270 386
209 231
289 290
24 403
201 224
13 452
269 344
291 419
35 81
98 476
22 347
102 478
138 204
373 390
76 262
199 255
66 388
53 397
122 316
201 478
297 483
348 502
276 415
83 304
25 350
88 373
16 31
34 291
118 406
78 281
334 355
462 485
150 308
124 173
241 361
57 86
174 378
330 426
419 451
19 264
87 303
33 114
118 412
174 203
5 391
354 479
270 357
82 214
236 239
29 138
79 128
